  0.0000    4    0.900   1.0000         dur_3
  0.9000    0    2.700   1.0000          NULL 
  3.6000    7    0.900   1.0000         dur_6
  4.5000    0    2.700   1.0000          NULL 
  7.2000   10    0.900   1.0000         dur_9
  8.1000    0    2.700   1.0000          NULL 
 10.8000    2    0.900   1.0000         dur_1
 11.7000    0    2.700   1.0000          NULL 
 14.4000    3    0.900   1.0000         dur_2
 15.3000    0    2.700   1.0000          NULL 
 18.0000    4    0.900   1.0000         dur_3
 18.9000    0    5.400   1.0000          NULL 
 24.3000    3    0.900   1.0000         dur_2
 25.2000    0    2.700   1.0000          NULL 
 27.9000    3    0.900   1.0000         dur_2
 28.8000    0    2.700   1.0000          NULL 
 31.5000    6    0.900   1.0000         dur_5
 32.4000    0    3.600   1.0000          NULL 
 36.0000    1    0.900   1.0000         dur_0
 36.9000    0    3.600   1.0000          NULL 
 40.5000    8    0.900   1.0000         dur_7
 41.4000    0    2.700   1.0000          NULL 
 44.1000   11    0.900   1.0000        dur_10
 45.0000    0    2.700   1.0000          NULL 
 47.7000    6    0.900   1.0000         dur_5
 48.6000    0    2.700   1.0000          NULL 
 51.3000    8    0.900   1.0000         dur_7
 52.2000    0    2.700   1.0000          NULL 
 54.9000    9    0.900   1.0000         dur_8
 55.8000    0    3.600   1.0000          NULL 
 59.4000    3    0.900   1.0000         dur_2
 60.3000    0    2.700   1.0000          NULL 
 63.0000    7    0.900   1.0000         dur_6
 63.9000    0    2.700   1.0000          NULL 
 66.6000    6    0.900   1.0000         dur_5
 67.5000    0    2.700   1.0000          NULL 
 70.2000    9    0.900   1.0000         dur_8
 71.1000    0    2.700   1.0000          NULL 
 73.8000   11    0.900   1.0000        dur_10
 74.7000    0    4.500   1.0000          NULL 
 79.2000    9    0.900   1.0000         dur_8
 80.1000    0    2.700   1.0000          NULL 
 82.8000    9    0.900   1.0000         dur_8
 83.7000    0    2.700   1.0000          NULL 
 86.4000    4    0.900   1.0000         dur_3
 87.3000    0    2.700   1.0000          NULL 
 90.0000    9    0.900   1.0000         dur_8
 90.9000    0    3.600   1.0000          NULL 
 94.5000   11    0.900   1.0000        dur_10
 95.4000    0    2.700   1.0000          NULL 
 98.1000    3    0.900   1.0000         dur_2
 99.0000    0    3.600   1.0000          NULL 
102.6000   12    0.900   1.0000        dur_11
103.5000    0    2.700   1.0000          NULL 
106.2000   12    0.900   1.0000        dur_11
107.1000    0    2.700   1.0000          NULL 
109.8000    2    0.900   1.0000         dur_1
110.7000    0    2.700   1.0000          NULL 
113.4000   11    0.900   1.0000        dur_10
114.3000    0    5.400   1.0000          NULL 
119.7000    1    0.900   1.0000         dur_0
120.6000    0    2.700   1.0000          NULL 
123.3000    2    0.900   1.0000         dur_1
124.2000    0    2.700   1.0000          NULL 
126.9000    7    0.900   1.0000         dur_6
127.8000    0    3.600   1.0000          NULL 
131.4000   12    0.900   1.0000        dur_11
132.3000    0    2.700   1.0000          NULL 
135.0000    4    0.900   1.0000         dur_3
135.9000    0    2.700   1.0000          NULL 
138.6000    5    0.900   1.0000         dur_4
139.5000    0    3.600   1.0000          NULL 
143.1000    4    0.900   1.0000         dur_3
144.0000    0    3.600   1.0000          NULL 
147.6000    8    0.900   1.0000         dur_7
148.5000    0    2.700   1.0000          NULL 
151.2000   10    0.900   1.0000         dur_9
152.0999    0    2.700   1.0000          NULL 
154.7999   12    0.900   1.0000        dur_11
155.6999    0    2.700   1.0000          NULL 
158.3999    1    0.900   1.0000         dur_0
159.2999    0    4.500   1.0000          NULL 
163.7999    7    0.900   1.0000         dur_6
164.6999    0    2.700   1.0000          NULL 
167.3999   12    0.900   1.0000        dur_11
168.2999    0    2.700   1.0000          NULL 
170.9999    8    0.900   1.0000         dur_7
171.8999    0    2.700   1.0000          NULL 
174.5999    8    0.900   1.0000         dur_7
175.4999    0    2.700   1.0000          NULL 
178.1999    7    0.900   1.0000         dur_6
179.0999    0    2.700   1.0000          NULL 
181.7999    2    0.900   1.0000         dur_1
182.6999    0    3.600   1.0000          NULL 
186.2999    5    0.900   1.0000         dur_4
187.1998    0    2.700   1.0000          NULL 
189.8998   10    0.900   1.0000         dur_9
190.7998    0    2.700   1.0000          NULL 
193.4998    3    0.900   1.0000         dur_2
194.3998    0    2.700   1.0000          NULL 
197.0998   10    0.900   1.0000         dur_9
197.9998    0    2.700   1.0000          NULL 
200.6998    9    0.900   1.0000         dur_8
201.5998    0    3.600   1.0000          NULL 
205.1998   10    0.900   1.0000         dur_9
206.0998    0    2.700   1.0000          NULL 
208.7998   10    0.900   1.0000         dur_9
209.6998    0    3.600   1.0000          NULL 
213.2998    8    0.900   1.0000         dur_7
214.1998    0    5.400   1.0000          NULL 
219.5997    2    0.900   1.0000         dur_1
220.4997    0    2.700   1.0000          NULL 
223.1997    5    0.900   1.0000         dur_4
224.0997    0    2.700   1.0000          NULL 
226.7997   11    0.900   1.0000        dur_10
227.6997    0    2.700   1.0000          NULL 
230.3997    4    0.900   1.0000         dur_3
231.2997    0    3.600   1.0000          NULL 
234.8997    2    0.900   1.0000         dur_1
235.7997    0    2.700   1.0000          NULL 
238.4997    9    0.900   1.0000         dur_8
239.3997    0    3.600   1.0000          NULL 
242.9997    8    0.900   1.0000         dur_7
243.8997    0    2.700   1.0000          NULL 
246.5997    1    0.900   1.0000         dur_0
247.4997    0    2.700   1.0000          NULL 
250.1997    5    0.900   1.0000         dur_4
251.0997    0    2.700   1.0000          NULL 
253.7997   12    0.900   1.0000        dur_11
254.6996    0    2.700   1.0000          NULL 
257.3997    3    0.900   1.0000         dur_2
258.2997    0    2.700   1.0000          NULL 
260.9997    5    0.900   1.0000         dur_4
261.8997    0    2.700   1.0000          NULL 
264.5997    7    0.900   1.0000         dur_6
265.4997    0    6.300   1.0000          NULL 
271.7997   11    0.900   1.0000        dur_10
272.6996    0    2.700   1.0000          NULL 
275.3997    1    0.900   1.0000         dur_0
276.2997    0    2.700   1.0000          NULL 
278.9997    1    0.900   1.0000         dur_0
279.8997    0    2.700   1.0000          NULL 
282.5997   12    0.900   1.0000        dur_11
283.4997    0    3.600   1.0000          NULL 
287.0997    6    0.900   1.0000         dur_5
287.9997    0    2.700   1.0000          NULL 
290.6997    5    0.900   1.0000         dur_4
291.5997    0    3.600   1.0000          NULL 
295.1997    6    0.900   1.0000         dur_5
296.0997    0    2.700   1.0000          NULL 
298.7997    4    0.900   1.0000         dur_3
299.6997    0    2.700   1.0000          NULL 
302.3997    6    0.900   1.0000         dur_5
303.2997    0    2.700   1.0000          NULL 
305.9997    7    0.900   1.0000         dur_6
306.8997    0    2.700   1.0000          NULL 
309.5997   10    0.900   1.0000         dur_9
310.4997    0    2.700   1.0000          NULL 
313.1997    6    0.900   1.0000         dur_5
314.0997    0    2.700   1.0000          NULL 
316.7997    5    0.900   1.0000         dur_4
317.6997    0    2.700   1.0000          NULL 
320.3997   11    0.900   1.0000        dur_10
321.2997    0    2.700   1.0000          NULL 
