  0.0000    6    0.900   1.0000         dur_5
  0.9000    0    2.700   1.0000          NULL 
  3.6000    8    0.900   1.0000         dur_7
  4.5000    0    3.600   1.0000          NULL 
  8.1000    8    0.900   1.0000         dur_7
  9.0000    0    2.700   1.0000          NULL 
 11.7000   10    0.900   1.0000         dur_9
 12.6000    0    2.700   1.0000          NULL 
 15.3000   11    0.900   1.0000        dur_10
 16.2000    0    2.700   1.0000          NULL 
 18.9000    4    0.900   1.0000         dur_3
 19.8000    0    2.700   1.0000          NULL 
 22.5000    3    0.900   1.0000         dur_2
 23.4000    0    2.700   1.0000          NULL 
 26.1000    7    0.900   1.0000         dur_6
 27.0000    0    2.700   1.0000          NULL 
 29.7000    5    0.900   1.0000         dur_4
 30.6000    0    2.700   1.0000          NULL 
 33.3000    6    0.900   1.0000         dur_5
 34.2000    0    2.700   1.0000          NULL 
 36.9000    2    0.900   1.0000         dur_1
 37.8000    0    2.700   1.0000          NULL 
 40.5000   11    0.900   1.0000        dur_10
 41.4000    0    2.700   1.0000          NULL 
 44.1000   10    0.900   1.0000         dur_9
 45.0000    0    2.700   1.0000          NULL 
 47.7000    1    0.900   1.0000         dur_0
 48.6000    0    2.700   1.0000          NULL 
 51.3000    7    0.900   1.0000         dur_6
 52.2000    0    2.700   1.0000          NULL 
 54.9000    7    0.900   1.0000         dur_6
 55.8000    0    4.500   1.0000          NULL 
 60.3000    1    0.900   1.0000         dur_0
 61.2000    0    2.700   1.0000          NULL 
 63.9000    1    0.900   1.0000         dur_0
 64.8000    0    2.700   1.0000          NULL 
 67.5000   12    0.900   1.0000        dur_11
 68.4000    0    2.700   1.0000          NULL 
 71.1000    8    0.900   1.0000         dur_7
 72.0000    0    2.700   1.0000          NULL 
 74.7000    9    0.900   1.0000         dur_8
 75.6000    0    2.700   1.0000          NULL 
 78.3000    4    0.900   1.0000         dur_3
 79.2000    0    2.700   1.0000          NULL 
 81.9000    2    0.900   1.0000         dur_1
 82.8000    0    4.500   1.0000          NULL 
 87.3000   12    0.900   1.0000        dur_11
 88.2000    0    3.600   1.0000          NULL 
 91.8000    7    0.900   1.0000         dur_6
 92.7000    0    2.700   1.0000          NULL 
 95.4000    1    0.900   1.0000         dur_0
 96.3000    0    5.400   1.0000          NULL 
101.7000    3    0.900   1.0000         dur_2
102.6000    0    2.700   1.0000          NULL 
105.3000    6    0.900   1.0000         dur_5
106.2000    0    4.500   1.0000          NULL 
110.7000    9    0.900   1.0000         dur_8
111.6000    0    2.700   1.0000          NULL 
114.3000    4    0.900   1.0000         dur_3
115.2000    0    2.700   1.0000          NULL 
117.9000   12    0.900   1.0000        dur_11
118.8000    0    2.700   1.0000          NULL 
121.5000   11    0.900   1.0000        dur_10
122.4000    0    2.700   1.0000          NULL 
125.1000   12    0.900   1.0000        dur_11
126.0000    0    2.700   1.0000          NULL 
128.7000    2    0.900   1.0000         dur_1
129.6000    0    2.700   1.0000          NULL 
132.3000   10    0.900   1.0000         dur_9
133.2000    0    4.500   1.0000          NULL 
137.7000    5    0.900   1.0000         dur_4
138.6000    0    2.700   1.0000          NULL 
141.3000    3    0.900   1.0000         dur_2
142.2000    0    2.700   1.0000          NULL 
144.9000   10    0.900   1.0000         dur_9
145.8000    0    2.700   1.0000          NULL 
148.5000    7    0.900   1.0000         dur_6
149.3999    0    3.600   1.0000          NULL 
152.9999   10    0.900   1.0000         dur_9
153.8999    0    2.700   1.0000          NULL 
156.5999    2    0.900   1.0000         dur_1
157.4999    0    2.700   1.0000          NULL 
160.1999    5    0.900   1.0000         dur_4
161.0999    0    3.600   1.0000          NULL 
164.6999    5    0.900   1.0000         dur_4
165.5999    0    2.700   1.0000          NULL 
168.2999    9    0.900   1.0000         dur_8
169.1999    0    2.700   1.0000          NULL 
171.8999    9    0.900   1.0000         dur_8
172.7999    0    5.400   1.0000          NULL 
178.1999    8    0.900   1.0000         dur_7
179.0999    0    2.700   1.0000          NULL 
181.7999    7    0.900   1.0000         dur_6
182.6998    0    3.600   1.0000          NULL 
186.2998    3    0.900   1.0000         dur_2
187.1998    0    2.700   1.0000          NULL 
189.8998    3    0.900   1.0000         dur_2
190.7998    0    4.500   1.0000          NULL 
195.2998    4    0.900   1.0000         dur_3
196.1998    0    2.700   1.0000          NULL 
198.8998    2    0.900   1.0000         dur_1
199.7998    0    2.700   1.0000          NULL 
202.4998    9    0.900   1.0000         dur_8
203.3998    0    2.700   1.0000          NULL 
206.0998   11    0.900   1.0000        dur_10
206.9998    0    2.700   1.0000          NULL 
209.6998    8    0.900   1.0000         dur_7
210.5998    0    2.700   1.0000          NULL 
213.2998   12    0.900   1.0000        dur_11
214.1998    0    2.700   1.0000          NULL 
216.8997    5    0.900   1.0000         dur_4
217.7997    0    2.700   1.0000          NULL 
220.4997   11    0.900   1.0000        dur_10
221.3997    0    2.700   1.0000          NULL 
224.0997   12    0.900   1.0000        dur_11
224.9997    0    2.700   1.0000          NULL 
227.6997    4    0.900   1.0000         dur_3
228.5997    0    4.500   1.0000          NULL 
233.0997   10    0.900   1.0000         dur_9
233.9997    0    3.600   1.0000          NULL 
237.5997   12    0.900   1.0000        dur_11
238.4997    0    2.700   1.0000          NULL 
241.1997    9    0.900   1.0000         dur_8
242.0997    0    4.500   1.0000          NULL 
246.5997    1    0.900   1.0000         dur_0
247.4996    0    2.700   1.0000          NULL 
250.1996    6    0.900   1.0000         dur_5
251.0996    0    3.600   1.0000          NULL 
254.6996    6    0.900   1.0000         dur_5
255.5996    0    2.700   1.0000          NULL 
258.2996   10    0.900   1.0000         dur_9
259.1996    0    2.700   1.0000          NULL 
261.8996    9    0.900   1.0000         dur_8
262.7996    0    2.700   1.0000          NULL 
265.4996    2    0.900   1.0000         dur_1
266.3996    0    2.700   1.0000          NULL 
269.0996    8    0.900   1.0000         dur_7
269.9996    0    2.700   1.0000          NULL 
272.6996    6    0.900   1.0000         dur_5
273.5996    0    2.700   1.0000          NULL 
276.2997    8    0.900   1.0000         dur_7
277.1996    0    3.600   1.0000          NULL 
280.7997    4    0.900   1.0000         dur_3
281.6996    0    2.700   1.0000          NULL 
284.3997   11    0.900   1.0000        dur_10
285.2997    0    3.600   1.0000          NULL 
288.8997    3    0.900   1.0000         dur_2
289.7997    0    2.700   1.0000          NULL 
292.4997    5    0.900   1.0000         dur_4
293.3997    0    2.700   1.0000          NULL 
296.0997    1    0.900   1.0000         dur_0
296.9997    0    2.700   1.0000          NULL 
299.6997    4    0.900   1.0000         dur_3
300.5997    0    2.700   1.0000          NULL 
303.2997    6    0.900   1.0000         dur_5
304.1997    0    2.700   1.0000          NULL 
306.8997    5    0.900   1.0000         dur_4
307.7997    0    5.400   1.0000          NULL 
313.1997    7    0.900   1.0000         dur_6
314.0997    0    2.700   1.0000          NULL 
316.7997    3    0.900   1.0000         dur_2
317.6997    0    2.700   1.0000          NULL 
320.3997   11    0.900   1.0000        dur_10
321.2997    0    2.700   1.0000          NULL 
