  0.0000    6    0.900   1.0000         dur_5
  0.9000    0    2.700   1.0000          NULL 
  3.6000   11    0.900   1.0000        dur_10
  4.5000    0    2.700   1.0000          NULL 
  7.2000    1    0.900   1.0000         dur_0
  8.1000    0    3.600   1.0000          NULL 
 11.7000    4    0.900   1.0000         dur_3
 12.6000    0    2.700   1.0000          NULL 
 15.3000    5    0.900   1.0000         dur_4
 16.2000    0    2.700   1.0000          NULL 
 18.9000    3    0.900   1.0000         dur_2
 19.8000    0    2.700   1.0000          NULL 
 22.5000   11    0.900   1.0000        dur_10
 23.4000    0    2.700   1.0000          NULL 
 26.1000    3    0.900   1.0000         dur_2
 27.0000    0    2.700   1.0000          NULL 
 29.7000   12    0.900   1.0000        dur_11
 30.6000    0    3.600   1.0000          NULL 
 34.2000    9    0.900   1.0000         dur_8
 35.1000    0    2.700   1.0000          NULL 
 37.8000    6    0.900   1.0000         dur_5
 38.7000    0    2.700   1.0000          NULL 
 41.4000    3    0.900   1.0000         dur_2
 42.3000    0    2.700   1.0000          NULL 
 45.0000    5    0.900   1.0000         dur_4
 45.9000    0    2.700   1.0000          NULL 
 48.6000    4    0.900   1.0000         dur_3
 49.5000    0    2.700   1.0000          NULL 
 52.2000    3    0.900   1.0000         dur_2
 53.1000    0    3.600   1.0000          NULL 
 56.7000    4    0.900   1.0000         dur_3
 57.6000    0    2.700   1.0000          NULL 
 60.3000    7    0.900   1.0000         dur_6
 61.2000    0    3.600   1.0000          NULL 
 64.8000    7    0.900   1.0000         dur_6
 65.7000    0    2.700   1.0000          NULL 
 68.4000   12    0.900   1.0000        dur_11
 69.3000    0    2.700   1.0000          NULL 
 72.0000    1    0.900   1.0000         dur_0
 72.9000    0    2.700   1.0000          NULL 
 75.6000    9    0.900   1.0000         dur_8
 76.5000    0    2.700   1.0000          NULL 
 79.2000    4    0.900   1.0000         dur_3
 80.1000    0    2.700   1.0000          NULL 
 82.8000    6    0.900   1.0000         dur_5
 83.7000    0    2.700   1.0000          NULL 
 86.4000    7    0.900   1.0000         dur_6
 87.3000    0    3.600   1.0000          NULL 
 90.9000    3    0.900   1.0000         dur_2
 91.8000    0    2.700   1.0000          NULL 
 94.5000    7    0.900   1.0000         dur_6
 95.4000    0    3.600   1.0000          NULL 
 99.0000    9    0.900   1.0000         dur_8
 99.9000    0    2.700   1.0000          NULL 
102.6000   10    0.900   1.0000         dur_9
103.5000    0    2.700   1.0000          NULL 
106.2000   10    0.900   1.0000         dur_9
107.1000    0    2.700   1.0000          NULL 
109.8000    2    0.900   1.0000         dur_1
110.7000    0    2.700   1.0000          NULL 
113.4000    2    0.900   1.0000         dur_1
114.3000    0    2.700   1.0000          NULL 
117.0000    8    0.900   1.0000         dur_7
117.9000    0    2.700   1.0000          NULL 
120.6000    1    0.900   1.0000         dur_0
121.5000    0    2.700   1.0000          NULL 
124.2000    6    0.900   1.0000         dur_5
125.1000    0    4.500   1.0000          NULL 
129.6000    6    0.900   1.0000         dur_5
130.5000    0    2.700   1.0000          NULL 
133.2000   10    0.900   1.0000         dur_9
134.1000    0    4.500   1.0000          NULL 
138.6000    5    0.900   1.0000         dur_4
139.5000    0    2.700   1.0000          NULL 
142.2000    8    0.900   1.0000         dur_7
143.0999    0    2.700   1.0000          NULL 
145.7999    5    0.900   1.0000         dur_4
146.6999    0    2.700   1.0000          NULL 
149.3999    9    0.900   1.0000         dur_8
150.2999    0    6.300   1.0000          NULL 
156.5999    5    0.900   1.0000         dur_4
157.4999    0    2.700   1.0000          NULL 
160.1999    2    0.900   1.0000         dur_1
161.0999    0    2.700   1.0000          NULL 
163.7999   12    0.900   1.0000        dur_11
164.6999    0    2.700   1.0000          NULL 
167.3999    2    0.900   1.0000         dur_1
168.2999    0    2.700   1.0000          NULL 
170.9999    5    0.900   1.0000         dur_4
171.8999    0    2.700   1.0000          NULL 
174.5999   11    0.900   1.0000        dur_10
175.4998    0    2.700   1.0000          NULL 
178.1998    4    0.900   1.0000         dur_3
179.0998    0    3.600   1.0000          NULL 
182.6998   10    0.900   1.0000         dur_9
183.5998    0    2.700   1.0000          NULL 
186.2998    8    0.900   1.0000         dur_7
187.1998    0    2.700   1.0000          NULL 
189.8998    3    0.900   1.0000         dur_2
190.7998    0    2.700   1.0000          NULL 
193.4998    2    0.900   1.0000         dur_1
194.3998    0    2.700   1.0000          NULL 
197.0998    9    0.900   1.0000         dur_8
197.9998    0    2.700   1.0000          NULL 
200.6998    9    0.900   1.0000         dur_8
201.5998    0    2.700   1.0000          NULL 
204.2998    9    0.900   1.0000         dur_8
205.1998    0    4.500   1.0000          NULL 
209.6998   12    0.900   1.0000        dur_11
210.5997    0    2.700   1.0000          NULL 
213.2997    4    0.900   1.0000         dur_3
214.1997    0    2.700   1.0000          NULL 
216.8997   10    0.900   1.0000         dur_9
217.7997    0    2.700   1.0000          NULL 
220.4997    1    0.900   1.0000         dur_0
221.3997    0    2.700   1.0000          NULL 
224.0997   12    0.900   1.0000        dur_11
224.9997    0    2.700   1.0000          NULL 
227.6997   12    0.900   1.0000        dur_11
228.5997    0    3.600   1.0000          NULL 
232.1997   11    0.900   1.0000        dur_10
233.0997    0    3.600   1.0000          NULL 
236.6997    7    0.900   1.0000         dur_6
237.5997    0    2.700   1.0000          NULL 
240.2997   10    0.900   1.0000         dur_9
241.1997    0    2.700   1.0000          NULL 
243.8997    1    0.900   1.0000         dur_0
244.7997    0    2.700   1.0000          NULL 
247.4996    8    0.900   1.0000         dur_7
248.3996    0    2.700   1.0000          NULL 
251.0996   11    0.900   1.0000        dur_10
251.9996    0    4.500   1.0000          NULL 
256.4996    4    0.900   1.0000         dur_3
257.3996    0    2.700   1.0000          NULL 
260.0996   12    0.900   1.0000        dur_11
260.9996    0    2.700   1.0000          NULL 
263.6996    8    0.900   1.0000         dur_7
264.5996    0    3.600   1.0000          NULL 
268.1996    7    0.900   1.0000         dur_6
269.0996    0    2.700   1.0000          NULL 
271.7997    6    0.900   1.0000         dur_5
272.6996    0    2.700   1.0000          NULL 
275.3997    8    0.900   1.0000         dur_7
276.2997    0    2.700   1.0000          NULL 
278.9997    2    0.900   1.0000         dur_1
279.8997    0    2.700   1.0000          NULL 
282.5997    6    0.900   1.0000         dur_5
283.4997    0    4.500   1.0000          NULL 
287.9997    7    0.900   1.0000         dur_6
288.8997    0    2.700   1.0000          NULL 
291.5997    8    0.900   1.0000         dur_7
292.4997    0    5.400   1.0000          NULL 
297.8997    1    0.900   1.0000         dur_0
298.7997    0    2.700   1.0000          NULL 
301.4997    3    0.900   1.0000         dur_2
302.3997    0    3.600   1.0000          NULL 
305.9997   10    0.900   1.0000         dur_9
306.8997    0    6.300   1.0000          NULL 
313.1996   11    0.900   1.0000        dur_10
314.0996    0    2.700   1.0000          NULL 
316.7997   11    0.900   1.0000        dur_10
317.6996    0    2.700   1.0000          NULL 
320.3997    5    0.900   1.0000         dur_4
321.2997    0    2.700   1.0000          NULL 
