  0.0000    3    0.900   1.0000         dur_2
  0.9000    0    2.700   1.0000          NULL 
  3.6000   11    0.900   1.0000        dur_10
  4.5000    0    3.600   1.0000          NULL 
  8.1000    1    0.900   1.0000         dur_0
  9.0000    0    2.700   1.0000          NULL 
 11.7000    7    0.900   1.0000         dur_6
 12.6000    0    2.700   1.0000          NULL 
 15.3000   10    0.900   1.0000         dur_9
 16.2000    0    2.700   1.0000          NULL 
 18.9000    4    0.900   1.0000         dur_3
 19.8000    0    2.700   1.0000          NULL 
 22.5000    9    0.900   1.0000         dur_8
 23.4000    0    4.500   1.0000          NULL 
 27.9000    9    0.900   1.0000         dur_8
 28.8000    0    2.700   1.0000          NULL 
 31.5000    8    0.900   1.0000         dur_7
 32.4000    0    2.700   1.0000          NULL 
 35.1000    6    0.900   1.0000         dur_5
 36.0000    0    2.700   1.0000          NULL 
 38.7000    1    0.900   1.0000         dur_0
 39.6000    0    2.700   1.0000          NULL 
 42.3000   10    0.900   1.0000         dur_9
 43.2000    0    2.700   1.0000          NULL 
 45.9000    3    0.900   1.0000         dur_2
 46.8000    0    3.600   1.0000          NULL 
 50.4000    4    0.900   1.0000         dur_3
 51.3000    0    2.700   1.0000          NULL 
 54.0000    2    0.900   1.0000         dur_1
 54.9000    0    2.700   1.0000          NULL 
 57.6000    7    0.900   1.0000         dur_6
 58.5000    0    2.700   1.0000          NULL 
 61.2000    4    0.900   1.0000         dur_3
 62.1000    0    2.700   1.0000          NULL 
 64.8000    5    0.900   1.0000         dur_4
 65.7000    0    2.700   1.0000          NULL 
 68.4000    9    0.900   1.0000         dur_8
 69.3000    0    2.700   1.0000          NULL 
 72.0000    2    0.900   1.0000         dur_1
 72.9000    0    2.700   1.0000          NULL 
 75.6000    6    0.900   1.0000         dur_5
 76.5000    0    2.700   1.0000          NULL 
 79.2000    8    0.900   1.0000         dur_7
 80.1000    0    2.700   1.0000          NULL 
 82.8000    4    0.900   1.0000         dur_3
 83.7000    0    2.700   1.0000          NULL 
 86.4000    4    0.900   1.0000         dur_3
 87.3000    0    6.300   1.0000          NULL 
 93.6000    8    0.900   1.0000         dur_7
 94.5000    0    2.700   1.0000          NULL 
 97.2000   11    0.900   1.0000        dur_10
 98.1000    0    2.700   1.0000          NULL 
100.8000    7    0.900   1.0000         dur_6
101.7000    0    2.700   1.0000          NULL 
104.4000    6    0.900   1.0000         dur_5
105.3000    0    2.700   1.0000          NULL 
108.0000    9    0.900   1.0000         dur_8
108.9000    0    6.300   1.0000          NULL 
115.2000    8    0.900   1.0000         dur_7
116.1000    0    2.700   1.0000          NULL 
118.8000    7    0.900   1.0000         dur_6
119.7000    0    2.700   1.0000          NULL 
122.4000    5    0.900   1.0000         dur_4
123.3000    0    3.600   1.0000          NULL 
126.9000    7    0.900   1.0000         dur_6
127.8000    0    2.700   1.0000          NULL 
130.5000    7    0.900   1.0000         dur_6
131.4000    0    2.700   1.0000          NULL 
134.1000    8    0.900   1.0000         dur_7
135.0000    0    2.700   1.0000          NULL 
137.7000    8    0.900   1.0000         dur_7
138.6000    0    5.400   1.0000          NULL 
144.0000    5    0.900   1.0000         dur_4
144.9000    0    3.600   1.0000          NULL 
148.5000    2    0.900   1.0000         dur_1
149.3999    0    3.600   1.0000          NULL 
152.9999   10    0.900   1.0000         dur_9
153.8999    0    2.700   1.0000          NULL 
156.5999    6    0.900   1.0000         dur_5
157.4999    0    3.600   1.0000          NULL 
161.0999    2    0.900   1.0000         dur_1
161.9999    0    2.700   1.0000          NULL 
164.6999   11    0.900   1.0000        dur_10
165.5999    0    2.700   1.0000          NULL 
168.2999    3    0.900   1.0000         dur_2
169.1999    0    2.700   1.0000          NULL 
171.8999    5    0.900   1.0000         dur_4
172.7999    0    2.700   1.0000          NULL 
175.4999    1    0.900   1.0000         dur_0
176.3999    0    2.700   1.0000          NULL 
179.0999   12    0.900   1.0000        dur_11
179.9999    0    3.600   1.0000          NULL 
183.5999    9    0.900   1.0000         dur_8
184.4998    0    2.700   1.0000          NULL 
187.1998   11    0.900   1.0000        dur_10
188.0998    0    2.700   1.0000          NULL 
190.7998    2    0.900   1.0000         dur_1
191.6998    0    2.700   1.0000          NULL 
194.3998   12    0.900   1.0000        dur_11
195.2998    0    2.700   1.0000          NULL 
197.9998    4    0.900   1.0000         dur_3
198.8998    0    3.600   1.0000          NULL 
202.4998    1    0.900   1.0000         dur_0
203.3998    0    2.700   1.0000          NULL 
206.0998    1    0.900   1.0000         dur_0
206.9998    0    2.700   1.0000          NULL 
209.6998    5    0.900   1.0000         dur_4
210.5998    0    2.700   1.0000          NULL 
213.2998   11    0.900   1.0000        dur_10
214.1998    0    2.700   1.0000          NULL 
216.8998    4    0.900   1.0000         dur_3
217.7998    0    2.700   1.0000          NULL 
220.4998    7    0.900   1.0000         dur_6
221.3997    0    2.700   1.0000          NULL 
224.0997    3    0.900   1.0000         dur_2
224.9997    0    2.700   1.0000          NULL 
227.6997    3    0.900   1.0000         dur_2
228.5997    0    2.700   1.0000          NULL 
231.2997    6    0.900   1.0000         dur_5
232.1997    0    3.600   1.0000          NULL 
235.7997    8    0.900   1.0000         dur_7
236.6997    0    2.700   1.0000          NULL 
239.3997   12    0.900   1.0000        dur_11
240.2997    0    3.600   1.0000          NULL 
243.8997    6    0.900   1.0000         dur_5
244.7997    0    2.700   1.0000          NULL 
247.4997    2    0.900   1.0000         dur_1
248.3997    0    4.500   1.0000          NULL 
252.8997   11    0.900   1.0000        dur_10
253.7997    0    3.600   1.0000          NULL 
257.3997    6    0.900   1.0000         dur_5
258.2997    0    2.700   1.0000          NULL 
260.9997    5    0.900   1.0000         dur_4
261.8997    0    2.700   1.0000          NULL 
264.5997   10    0.900   1.0000         dur_9
265.4997    0    3.600   1.0000          NULL 
269.0997    9    0.900   1.0000         dur_8
269.9997    0    2.700   1.0000          NULL 
272.6997   10    0.900   1.0000         dur_9
273.5997    0    4.500   1.0000          NULL 
278.0997   11    0.900   1.0000        dur_10
278.9997    0    5.400   1.0000          NULL 
284.3997   12    0.900   1.0000        dur_11
285.2997    0    2.700   1.0000          NULL 
287.9997    5    0.900   1.0000         dur_4
288.8997    0    2.700   1.0000          NULL 
291.5997   12    0.900   1.0000        dur_11
292.4997    0    2.700   1.0000          NULL 
295.1997    1    0.900   1.0000         dur_0
296.0997    0    2.700   1.0000          NULL 
298.7997    9    0.900   1.0000         dur_8
299.6997    0    2.700   1.0000          NULL 
302.3997   12    0.900   1.0000        dur_11
303.2997    0    2.700   1.0000          NULL 
305.9997   10    0.900   1.0000         dur_9
306.8997    0    2.700   1.0000          NULL 
309.5997    3    0.900   1.0000         dur_2
310.4997    0    2.700   1.0000          NULL 
313.1997   12    0.900   1.0000        dur_11
314.0997    0    2.700   1.0000          NULL 
316.7997    3    0.900   1.0000         dur_2
317.6997    0    2.700   1.0000          NULL 
320.3997   10    0.900   1.0000         dur_9
321.2997    0    2.700   1.0000          NULL 
