  0.0000   11    0.900   1.0000        dur_10
  0.9000    0    3.600   1.0000          NULL 
  4.5000    7    0.900   1.0000         dur_6
  5.4000    0    2.700   1.0000          NULL 
  8.1000    4    0.900   1.0000         dur_3
  9.0000    0    5.400   1.0000          NULL 
 14.4000    1    0.900   1.0000         dur_0
 15.3000    0    2.700   1.0000          NULL 
 18.0000   11    0.900   1.0000        dur_10
 18.9000    0    2.700   1.0000          NULL 
 21.6000    5    0.900   1.0000         dur_4
 22.5000    0    3.600   1.0000          NULL 
 26.1000    6    0.900   1.0000         dur_5
 27.0000    0    2.700   1.0000          NULL 
 29.7000   11    0.900   1.0000        dur_10
 30.6000    0    2.700   1.0000          NULL 
 33.3000   11    0.900   1.0000        dur_10
 34.2000    0    2.700   1.0000          NULL 
 36.9000    2    0.900   1.0000         dur_1
 37.8000    0    2.700   1.0000          NULL 
 40.5000    3    0.900   1.0000         dur_2
 41.4000    0    6.300   1.0000          NULL 
 47.7000    6    0.900   1.0000         dur_5
 48.6000    0    2.700   1.0000          NULL 
 51.3000    2    0.900   1.0000         dur_1
 52.2000    0    2.700   1.0000          NULL 
 54.9000    9    0.900   1.0000         dur_8
 55.8000    0    2.700   1.0000          NULL 
 58.5000    2    0.900   1.0000         dur_1
 59.4000    0    4.500   1.0000          NULL 
 63.9000    4    0.900   1.0000         dur_3
 64.8000    0    2.700   1.0000          NULL 
 67.5000    3    0.900   1.0000         dur_2
 68.4000    0    2.700   1.0000          NULL 
 71.1000   10    0.900   1.0000         dur_9
 72.0000    0    2.700   1.0000          NULL 
 74.7000    9    0.900   1.0000         dur_8
 75.6000    0    3.600   1.0000          NULL 
 79.2000    4    0.900   1.0000         dur_3
 80.1000    0    2.700   1.0000          NULL 
 82.8000    8    0.900   1.0000         dur_7
 83.7000    0    2.700   1.0000          NULL 
 86.4000   11    0.900   1.0000        dur_10
 87.3000    0    2.700   1.0000          NULL 
 90.0000    4    0.900   1.0000         dur_3
 90.9000    0    2.700   1.0000          NULL 
 93.6000    5    0.900   1.0000         dur_4
 94.5000    0    2.700   1.0000          NULL 
 97.2000    1    0.900   1.0000         dur_0
 98.1000    0    2.700   1.0000          NULL 
100.8000    8    0.900   1.0000         dur_7
101.7000    0    3.600   1.0000          NULL 
105.3000    2    0.900   1.0000         dur_1
106.2000    0    2.700   1.0000          NULL 
108.9000    7    0.900   1.0000         dur_6
109.8000    0    2.700   1.0000          NULL 
112.5000    9    0.900   1.0000         dur_8
113.4000    0    2.700   1.0000          NULL 
116.1000    3    0.900   1.0000         dur_2
117.0000    0    2.700   1.0000          NULL 
119.7000    7    0.900   1.0000         dur_6
120.6000    0    2.700   1.0000          NULL 
123.3000    3    0.900   1.0000         dur_2
124.2000    0    2.700   1.0000          NULL 
126.9000    9    0.900   1.0000         dur_8
127.8000    0    2.700   1.0000          NULL 
130.5000   12    0.900   1.0000        dur_11
131.4000    0    2.700   1.0000          NULL 
134.1000    6    0.900   1.0000         dur_5
135.0000    0    3.600   1.0000          NULL 
138.6000    9    0.900   1.0000         dur_8
139.5000    0    3.600   1.0000          NULL 
143.1000    8    0.900   1.0000         dur_7
144.0000    0    3.600   1.0000          NULL 
147.5999   12    0.900   1.0000        dur_11
148.4999    0    2.700   1.0000          NULL 
151.1999    9    0.900   1.0000         dur_8
152.0999    0    2.700   1.0000          NULL 
154.7999    6    0.900   1.0000         dur_5
155.6999    0    3.600   1.0000          NULL 
159.2999    2    0.900   1.0000         dur_1
160.1999    0    2.700   1.0000          NULL 
162.8999    1    0.900   1.0000         dur_0
163.7999    0    2.700   1.0000          NULL 
166.4999   10    0.900   1.0000         dur_9
167.3999    0    2.700   1.0000          NULL 
170.0999    2    0.900   1.0000         dur_1
170.9999    0    6.300   1.0000          NULL 
177.2999   12    0.900   1.0000        dur_11
178.1998    0    2.700   1.0000          NULL 
180.8998    4    0.900   1.0000         dur_3
181.7998    0    2.700   1.0000          NULL 
184.4998    1    0.900   1.0000         dur_0
185.3998    0    4.500   1.0000          NULL 
189.8998   10    0.900   1.0000         dur_9
190.7998    0    2.700   1.0000          NULL 
193.4998    5    0.900   1.0000         dur_4
194.3998    0    2.700   1.0000          NULL 
197.0998   10    0.900   1.0000         dur_9
197.9998    0    2.700   1.0000          NULL 
200.6998    3    0.900   1.0000         dur_2
201.5998    0    2.700   1.0000          NULL 
204.2998    5    0.900   1.0000         dur_4
205.1998    0    2.700   1.0000          NULL 
207.8998    8    0.900   1.0000         dur_7
208.7998    0    4.500   1.0000          NULL 
213.2997    6    0.900   1.0000         dur_5
214.1997    0    4.500   1.0000          NULL 
218.6997    9    0.900   1.0000         dur_8
219.5997    0    2.700   1.0000          NULL 
222.2997    1    0.900   1.0000         dur_0
223.1997    0    2.700   1.0000          NULL 
225.8997   10    0.900   1.0000         dur_9
226.7997    0    2.700   1.0000          NULL 
229.4997    4    0.900   1.0000         dur_3
230.3997    0    2.700   1.0000          NULL 
233.0997   11    0.900   1.0000        dur_10
233.9997    0    2.700   1.0000          NULL 
236.6997    6    0.900   1.0000         dur_5
237.5997    0    2.700   1.0000          NULL 
240.2997    8    0.900   1.0000         dur_7
241.1997    0    2.700   1.0000          NULL 
243.8997    5    0.900   1.0000         dur_4
244.7997    0    2.700   1.0000          NULL 
247.4996   12    0.900   1.0000        dur_11
248.3996    0    2.700   1.0000          NULL 
251.0996   12    0.900   1.0000        dur_11
251.9996    0    2.700   1.0000          NULL 
254.6996   10    0.900   1.0000         dur_9
255.5996    0    2.700   1.0000          NULL 
258.2996    8    0.900   1.0000         dur_7
259.1996    0    2.700   1.0000          NULL 
261.8996    8    0.900   1.0000         dur_7
262.7996    0    2.700   1.0000          NULL 
265.4996    3    0.900   1.0000         dur_2
266.3996    0    3.600   1.0000          NULL 
269.9996    3    0.900   1.0000         dur_2
270.8996    0    3.600   1.0000          NULL 
274.4996    7    0.900   1.0000         dur_6
275.3996    0    2.700   1.0000          NULL 
278.0996    6    0.900   1.0000         dur_5
278.9996    0    2.700   1.0000          NULL 
281.6996    7    0.900   1.0000         dur_6
282.5996    0    2.700   1.0000          NULL 
285.2997   11    0.900   1.0000        dur_10
286.1996    0    2.700   1.0000          NULL 
288.8997    1    0.900   1.0000         dur_0
289.7997    0    2.700   1.0000          NULL 
292.4997    7    0.900   1.0000         dur_6
293.3997    0    2.700   1.0000          NULL 
296.0997   10    0.900   1.0000         dur_9
296.9997    0    3.600   1.0000          NULL 
300.5997   12    0.900   1.0000        dur_11
301.4997    0    2.700   1.0000          NULL 
304.1997    7    0.900   1.0000         dur_6
305.0997    0    2.700   1.0000          NULL 
307.7997    4    0.900   1.0000         dur_3
308.6997    0    2.700   1.0000          NULL 
311.3997   12    0.900   1.0000        dur_11
312.2997    0    4.500   1.0000          NULL 
316.7997    5    0.900   1.0000         dur_4
317.6997    0    2.700   1.0000          NULL 
320.3997    5    0.900   1.0000         dur_4
321.2997    0    2.700   1.0000          NULL 
