  0.0000    1    0.900   1.0000         dur_0
  0.9000    0    2.700   1.0000          NULL 
  3.6000    5    0.900   1.0000         dur_4
  4.5000    0    2.700   1.0000          NULL 
  7.2000   12    0.900   1.0000        dur_11
  8.1000    0    2.700   1.0000          NULL 
 10.8000    8    0.900   1.0000         dur_7
 11.7000    0    3.600   1.0000          NULL 
 15.3000    8    0.900   1.0000         dur_7
 16.2000    0    2.700   1.0000          NULL 
 18.9000    6    0.900   1.0000         dur_5
 19.8000    0    3.600   1.0000          NULL 
 23.4000    5    0.900   1.0000         dur_4
 24.3000    0    2.700   1.0000          NULL 
 27.0000    5    0.900   1.0000         dur_4
 27.9000    0    2.700   1.0000          NULL 
 30.6000   11    0.900   1.0000        dur_10
 31.5000    0    6.300   1.0000          NULL 
 37.8000    7    0.900   1.0000         dur_6
 38.7000    0    2.700   1.0000          NULL 
 41.4000    5    0.900   1.0000         dur_4
 42.3000    0    2.700   1.0000          NULL 
 45.0000    8    0.900   1.0000         dur_7
 45.9000    0    2.700   1.0000          NULL 
 48.6000    7    0.900   1.0000         dur_6
 49.5000    0    2.700   1.0000          NULL 
 52.2000   12    0.900   1.0000        dur_11
 53.1000    0    4.500   1.0000          NULL 
 57.6000    9    0.900   1.0000         dur_8
 58.5000    0    2.700   1.0000          NULL 
 61.2000    6    0.900   1.0000         dur_5
 62.1000    0    2.700   1.0000          NULL 
 64.8000    4    0.900   1.0000         dur_3
 65.7000    0    2.700   1.0000          NULL 
 68.4000    9    0.900   1.0000         dur_8
 69.3000    0    2.700   1.0000          NULL 
 72.0000   12    0.900   1.0000        dur_11
 72.9000    0    2.700   1.0000          NULL 
 75.6000    1    0.900   1.0000         dur_0
 76.5000    0    3.600   1.0000          NULL 
 80.1000    6    0.900   1.0000         dur_5
 81.0000    0    4.500   1.0000          NULL 
 85.5000    4    0.900   1.0000         dur_3
 86.4000    0    2.700   1.0000          NULL 
 89.1000    1    0.900   1.0000         dur_0
 90.0000    0    2.700   1.0000          NULL 
 92.7000    9    0.900   1.0000         dur_8
 93.6000    0    2.700   1.0000          NULL 
 96.3000   11    0.900   1.0000        dur_10
 97.2000    0    2.700   1.0000          NULL 
 99.9000    6    0.900   1.0000         dur_5
100.8000    0    2.700   1.0000          NULL 
103.5000    6    0.900   1.0000         dur_5
104.4000    0    2.700   1.0000          NULL 
107.1000    2    0.900   1.0000         dur_1
108.0000    0    2.700   1.0000          NULL 
110.7000    3    0.900   1.0000         dur_2
111.6000    0    2.700   1.0000          NULL 
114.3000    5    0.900   1.0000         dur_4
115.2000    0    2.700   1.0000          NULL 
117.9000    9    0.900   1.0000         dur_8
118.8000    0    3.600   1.0000          NULL 
122.4000    2    0.900   1.0000         dur_1
123.3000    0    2.700   1.0000          NULL 
126.0000    3    0.900   1.0000         dur_2
126.9000    0    3.600   1.0000          NULL 
130.5000   11    0.900   1.0000        dur_10
131.4000    0    2.700   1.0000          NULL 
134.1000    2    0.900   1.0000         dur_1
135.0000    0    4.500   1.0000          NULL 
139.5000    6    0.900   1.0000         dur_5
140.4000    0    2.700   1.0000          NULL 
143.1000   12    0.900   1.0000        dur_11
144.0000    0    3.600   1.0000          NULL 
147.5999    6    0.900   1.0000         dur_5
148.4999    0    2.700   1.0000          NULL 
151.1999    3    0.900   1.0000         dur_2
152.0999    0    2.700   1.0000          NULL 
154.7999    8    0.900   1.0000         dur_7
155.6999    0    2.700   1.0000          NULL 
158.3999    1    0.900   1.0000         dur_0
159.2999    0    3.600   1.0000          NULL 
162.8999    3    0.900   1.0000         dur_2
163.7999    0    2.700   1.0000          NULL 
166.4999    4    0.900   1.0000         dur_3
167.3999    0    3.600   1.0000          NULL 
170.9999    7    0.900   1.0000         dur_6
171.8999    0    3.600   1.0000          NULL 
175.4999    1    0.900   1.0000         dur_0
176.3999    0    2.700   1.0000          NULL 
179.0999   10    0.900   1.0000         dur_9
179.9998    0    2.700   1.0000          NULL 
182.6998   10    0.900   1.0000         dur_9
183.5998    0    2.700   1.0000          NULL 
186.2998    4    0.900   1.0000         dur_3
187.1998    0    2.700   1.0000          NULL 
189.8998   11    0.900   1.0000        dur_10
190.7998    0    4.500   1.0000          NULL 
195.2998   11    0.900   1.0000        dur_10
196.1998    0    2.700   1.0000          NULL 
198.8998   10    0.900   1.0000         dur_9
199.7998    0    3.600   1.0000          NULL 
203.3998    9    0.900   1.0000         dur_8
204.2998    0    2.700   1.0000          NULL 
206.9998    8    0.900   1.0000         dur_7
207.8998    0    3.600   1.0000          NULL 
211.4998    5    0.900   1.0000         dur_4
212.3997    0    3.600   1.0000          NULL 
215.9997    8    0.900   1.0000         dur_7
216.8997    0    2.700   1.0000          NULL 
219.5997    4    0.900   1.0000         dur_3
220.4997    0    2.700   1.0000          NULL 
223.1997    4    0.900   1.0000         dur_3
224.0997    0    2.700   1.0000          NULL 
226.7997    3    0.900   1.0000         dur_2
227.6997    0    2.700   1.0000          NULL 
230.3997    3    0.900   1.0000         dur_2
231.2997    0    2.700   1.0000          NULL 
233.9997    7    0.900   1.0000         dur_6
234.8997    0    5.400   1.0000          NULL 
240.2997   12    0.900   1.0000        dur_11
241.1997    0    2.700   1.0000          NULL 
243.8997   11    0.900   1.0000        dur_10
244.7997    0    2.700   1.0000          NULL 
247.4996    4    0.900   1.0000         dur_3
248.3996    0    2.700   1.0000          NULL 
251.0996   10    0.900   1.0000         dur_9
251.9996    0    2.700   1.0000          NULL 
254.6996    2    0.900   1.0000         dur_1
255.5996    0    2.700   1.0000          NULL 
258.2996   10    0.900   1.0000         dur_9
259.1996    0    2.700   1.0000          NULL 
261.8996    2    0.900   1.0000         dur_1
262.7996    0    2.700   1.0000          NULL 
265.4996    9    0.900   1.0000         dur_8
266.3996    0    4.500   1.0000          NULL 
270.8996    1    0.900   1.0000         dur_0
271.7996    0    2.700   1.0000          NULL 
274.4996    7    0.900   1.0000         dur_6
275.3996    0    3.600   1.0000          NULL 
278.9996   10    0.900   1.0000         dur_9
279.8996    0    2.700   1.0000          NULL 
282.5996    9    0.900   1.0000         dur_8
283.4996    0    2.700   1.0000          NULL 
286.1996    3    0.900   1.0000         dur_2
287.0996    0    3.600   1.0000          NULL 
290.6996   10    0.900   1.0000         dur_9
291.5996    0    2.700   1.0000          NULL 
294.2997   11    0.900   1.0000        dur_10
295.1996    0    2.700   1.0000          NULL 
297.8997    7    0.900   1.0000         dur_6
298.7997    0    2.700   1.0000          NULL 
301.4997    8    0.900   1.0000         dur_7
302.3997    0    3.600   1.0000          NULL 
305.9997   12    0.900   1.0000        dur_11
306.8997    0    2.700   1.0000          NULL 
309.5997    5    0.900   1.0000         dur_4
310.4997    0    2.700   1.0000          NULL 
313.1997    7    0.900   1.0000         dur_6
314.0997    0    2.700   1.0000          NULL 
316.7997   12    0.900   1.0000        dur_11
317.6997    0    2.700   1.0000          NULL 
320.3997    2    0.900   1.0000         dur_1
321.2997    0    2.700   1.0000          NULL 
