  0.0000    2    0.900   1.0000         dur_1
  0.9000    0    2.700   1.0000          NULL 
  3.6000    8    0.900   1.0000         dur_7
  4.5000    0    4.500   1.0000          NULL 
  9.0000    5    0.900   1.0000         dur_4
  9.9000    0    2.700   1.0000          NULL 
 12.6000    5    0.900   1.0000         dur_4
 13.5000    0    2.700   1.0000          NULL 
 16.2000    6    0.900   1.0000         dur_5
 17.1000    0    2.700   1.0000          NULL 
 19.8000   12    0.900   1.0000        dur_11
 20.7000    0    2.700   1.0000          NULL 
 23.4000    8    0.900   1.0000         dur_7
 24.3000    0    2.700   1.0000          NULL 
 27.0000    9    0.900   1.0000         dur_8
 27.9000    0    3.600   1.0000          NULL 
 31.5000    8    0.900   1.0000         dur_7
 32.4000    0    2.700   1.0000          NULL 
 35.1000   10    0.900   1.0000         dur_9
 36.0000    0    4.500   1.0000          NULL 
 40.5000    3    0.900   1.0000         dur_2
 41.4000    0    2.700   1.0000          NULL 
 44.1000    1    0.900   1.0000         dur_0
 45.0000    0    2.700   1.0000          NULL 
 47.7000    3    0.900   1.0000         dur_2
 48.6000    0    2.700   1.0000          NULL 
 51.3000   11    0.900   1.0000        dur_10
 52.2000    0    2.700   1.0000          NULL 
 54.9000   10    0.900   1.0000         dur_9
 55.8000    0    2.700   1.0000          NULL 
 58.5000    9    0.900   1.0000         dur_8
 59.4000    0    2.700   1.0000          NULL 
 62.1000    8    0.900   1.0000         dur_7
 63.0000    0    3.600   1.0000          NULL 
 66.6000    4    0.900   1.0000         dur_3
 67.5000    0    2.700   1.0000          NULL 
 70.2000    6    0.900   1.0000         dur_5
 71.1000    0    5.400   1.0000          NULL 
 76.5000    7    0.900   1.0000         dur_6
 77.4000    0    2.700   1.0000          NULL 
 80.1000    9    0.900   1.0000         dur_8
 81.0000    0    4.500   1.0000          NULL 
 85.5000    7    0.900   1.0000         dur_6
 86.4000    0    2.700   1.0000          NULL 
 89.1000    3    0.900   1.0000         dur_2
 90.0000    0    2.700   1.0000          NULL 
 92.7000    5    0.900   1.0000         dur_4
 93.6000    0    2.700   1.0000          NULL 
 96.3000   12    0.900   1.0000        dur_11
 97.2000    0    4.500   1.0000          NULL 
101.7000    9    0.900   1.0000         dur_8
102.6000    0    2.700   1.0000          NULL 
105.3000    5    0.900   1.0000         dur_4
106.2000    0    2.700   1.0000          NULL 
108.9000    1    0.900   1.0000         dur_0
109.8000    0    3.600   1.0000          NULL 
113.4000   12    0.900   1.0000        dur_11
114.3000    0    2.700   1.0000          NULL 
117.0000   10    0.900   1.0000         dur_9
117.9000    0    2.700   1.0000          NULL 
120.6000   10    0.900   1.0000         dur_9
121.5000    0    2.700   1.0000          NULL 
124.2000   11    0.900   1.0000        dur_10
125.1000    0    3.600   1.0000          NULL 
128.7000    7    0.900   1.0000         dur_6
129.6000    0    2.700   1.0000          NULL 
132.3000    5    0.900   1.0000         dur_4
133.2000    0    2.700   1.0000          NULL 
135.9000    3    0.900   1.0000         dur_2
136.8000    0    2.700   1.0000          NULL 
139.5000    4    0.900   1.0000         dur_3
140.4000    0    2.700   1.0000          NULL 
143.1000    7    0.900   1.0000         dur_6
144.0000    0    2.700   1.0000          NULL 
146.7000   11    0.900   1.0000        dur_10
147.6000    0    2.700   1.0000          NULL 
150.3000    6    0.900   1.0000         dur_5
151.2000    0    3.600   1.0000          NULL 
154.7999    9    0.900   1.0000         dur_8
155.6999    0    2.700   1.0000          NULL 
158.3999    2    0.900   1.0000         dur_1
159.2999    0    2.700   1.0000          NULL 
161.9999    5    0.900   1.0000         dur_4
162.8999    0    2.700   1.0000          NULL 
165.5999   11    0.900   1.0000        dur_10
166.4999    0    4.500   1.0000          NULL 
170.9999   10    0.900   1.0000         dur_9
171.8999    0    2.700   1.0000          NULL 
174.5999   12    0.900   1.0000        dur_11
175.4999    0    2.700   1.0000          NULL 
178.1999   11    0.900   1.0000        dur_10
179.0999    0    2.700   1.0000          NULL 
181.7999    2    0.900   1.0000         dur_1
182.6999    0    2.700   1.0000          NULL 
185.3999   12    0.900   1.0000        dur_11
186.2999    0    3.600   1.0000          NULL 
189.8998    1    0.900   1.0000         dur_0
190.7998    0    3.600   1.0000          NULL 
194.3998   11    0.900   1.0000        dur_10
195.2998    0    2.700   1.0000          NULL 
197.9998    8    0.900   1.0000         dur_7
198.8998    0    2.700   1.0000          NULL 
201.5998    6    0.900   1.0000         dur_5
202.4998    0    2.700   1.0000          NULL 
205.1998    2    0.900   1.0000         dur_1
206.0998    0    2.700   1.0000          NULL 
208.7998    3    0.900   1.0000         dur_2
209.6998    0    2.700   1.0000          NULL 
212.3998    6    0.900   1.0000         dur_5
213.2998    0    2.700   1.0000          NULL 
215.9998    8    0.900   1.0000         dur_7
216.8998    0    2.700   1.0000          NULL 
219.5998    9    0.900   1.0000         dur_8
220.4998    0    2.700   1.0000          NULL 
223.1998    9    0.900   1.0000         dur_8
224.0997    0    2.700   1.0000          NULL 
226.7997    4    0.900   1.0000         dur_3
227.6997    0    3.600   1.0000          NULL 
231.2997    1    0.900   1.0000         dur_0
232.1997    0    2.700   1.0000          NULL 
234.8997    7    0.900   1.0000         dur_6
235.7997    0    2.700   1.0000          NULL 
238.4997   10    0.900   1.0000         dur_9
239.3997    0    2.700   1.0000          NULL 
242.0997    7    0.900   1.0000         dur_6
242.9997    0    2.700   1.0000          NULL 
245.6997    2    0.900   1.0000         dur_1
246.5997    0    4.500   1.0000          NULL 
251.0997    6    0.900   1.0000         dur_5
251.9997    0    2.700   1.0000          NULL 
254.6997    4    0.900   1.0000         dur_3
255.5997    0    2.700   1.0000          NULL 
258.2997    1    0.900   1.0000         dur_0
259.1996    0    2.700   1.0000          NULL 
261.8997    3    0.900   1.0000         dur_2
262.7997    0    5.400   1.0000          NULL 
268.1996    8    0.900   1.0000         dur_7
269.0996    0    2.700   1.0000          NULL 
271.7997    7    0.900   1.0000         dur_6
272.6996    0    2.700   1.0000          NULL 
275.3997    4    0.900   1.0000         dur_3
276.2997    0    2.700   1.0000          NULL 
278.9997   12    0.900   1.0000        dur_11
279.8997    0    2.700   1.0000          NULL 
282.5997   11    0.900   1.0000        dur_10
283.4997    0    4.500   1.0000          NULL 
287.9997    3    0.900   1.0000         dur_2
288.8997    0    3.600   1.0000          NULL 
292.4997   12    0.900   1.0000        dur_11
293.3997    0    2.700   1.0000          NULL 
296.0997    4    0.900   1.0000         dur_3
296.9997    0    2.700   1.0000          NULL 
299.6997    5    0.900   1.0000         dur_4
300.5997    0    3.600   1.0000          NULL 
304.1997   10    0.900   1.0000         dur_9
305.0997    0    2.700   1.0000          NULL 
307.7997    1    0.900   1.0000         dur_0
308.6997    0    2.700   1.0000          NULL 
311.3997    6    0.900   1.0000         dur_5
312.2997    0    2.700   1.0000          NULL 
314.9997    2    0.900   1.0000         dur_1
315.8997    0    3.600   1.0000          NULL 
319.4997    4    0.900   1.0000         dur_3
320.3997    0    3.600   1.0000          NULL 
