  0.0000   10    0.900   1.0000         dur_9
  0.9000    0    2.700   1.0000          NULL 
  3.6000    1    0.900   1.0000         dur_0
  4.5000    0    2.700   1.0000          NULL 
  7.2000    3    0.900   1.0000         dur_2
  8.1000    0    2.700   1.0000          NULL 
 10.8000    7    0.900   1.0000         dur_6
 11.7000    0    2.700   1.0000          NULL 
 14.4000   12    0.900   1.0000        dur_11
 15.3000    0    2.700   1.0000          NULL 
 18.0000   11    0.900   1.0000        dur_10
 18.9000    0    2.700   1.0000          NULL 
 21.6000    4    0.900   1.0000         dur_3
 22.5000    0    2.700   1.0000          NULL 
 25.2000    3    0.900   1.0000         dur_2
 26.1000    0    3.600   1.0000          NULL 
 29.7000    5    0.900   1.0000         dur_4
 30.6000    0    2.700   1.0000          NULL 
 33.3000    8    0.900   1.0000         dur_7
 34.2000    0    2.700   1.0000          NULL 
 36.9000    4    0.900   1.0000         dur_3
 37.8000    0    2.700   1.0000          NULL 
 40.5000   11    0.900   1.0000        dur_10
 41.4000    0    2.700   1.0000          NULL 
 44.1000    6    0.900   1.0000         dur_5
 45.0000    0    2.700   1.0000          NULL 
 47.7000    6    0.900   1.0000         dur_5
 48.6000    0    2.700   1.0000          NULL 
 51.3000   11    0.900   1.0000        dur_10
 52.2000    0    3.600   1.0000          NULL 
 55.8000    5    0.900   1.0000         dur_4
 56.7000    0    3.600   1.0000          NULL 
 60.3000    4    0.900   1.0000         dur_3
 61.2000    0    2.700   1.0000          NULL 
 63.9000    4    0.900   1.0000         dur_3
 64.8000    0    2.700   1.0000          NULL 
 67.5000    5    0.900   1.0000         dur_4
 68.4000    0    2.700   1.0000          NULL 
 71.1000    2    0.900   1.0000         dur_1
 72.0000    0    2.700   1.0000          NULL 
 74.7000   10    0.900   1.0000         dur_9
 75.6000    0    3.600   1.0000          NULL 
 79.2000    9    0.900   1.0000         dur_8
 80.1000    0    2.700   1.0000          NULL 
 82.8000    8    0.900   1.0000         dur_7
 83.7000    0    4.500   1.0000          NULL 
 88.2000    8    0.900   1.0000         dur_7
 89.1000    0    2.700   1.0000          NULL 
 91.8000    6    0.900   1.0000         dur_5
 92.7000    0    2.700   1.0000          NULL 
 95.4000    1    0.900   1.0000         dur_0
 96.3000    0    3.600   1.0000          NULL 
 99.9000   12    0.900   1.0000        dur_11
100.8000    0    2.700   1.0000          NULL 
103.5000    7    0.900   1.0000         dur_6
104.4000    0    2.700   1.0000          NULL 
107.1000   10    0.900   1.0000         dur_9
108.0000    0    2.700   1.0000          NULL 
110.7000    6    0.900   1.0000         dur_5
111.6000    0    2.700   1.0000          NULL 
114.3000    5    0.900   1.0000         dur_4
115.2000    0    3.600   1.0000          NULL 
118.8000    8    0.900   1.0000         dur_7
119.7000    0    2.700   1.0000          NULL 
122.4000    9    0.900   1.0000         dur_8
123.3000    0    6.300   1.0000          NULL 
129.6000    3    0.900   1.0000         dur_2
130.5000    0    2.700   1.0000          NULL 
133.2000   12    0.900   1.0000        dur_11
134.1000    0    4.500   1.0000          NULL 
138.6000    1    0.900   1.0000         dur_0
139.5000    0    2.700   1.0000          NULL 
142.2000    8    0.900   1.0000         dur_7
143.0999    0    2.700   1.0000          NULL 
145.7999   12    0.900   1.0000        dur_11
146.6999    0    2.700   1.0000          NULL 
149.3999    6    0.900   1.0000         dur_5
150.2999    0    6.300   1.0000          NULL 
156.5999   12    0.900   1.0000        dur_11
157.4999    0    2.700   1.0000          NULL 
160.1999    5    0.900   1.0000         dur_4
161.0999    0    3.600   1.0000          NULL 
164.6999    1    0.900   1.0000         dur_0
165.5999    0    2.700   1.0000          NULL 
168.2999    2    0.900   1.0000         dur_1
169.1999    0    2.700   1.0000          NULL 
171.8999    3    0.900   1.0000         dur_2
172.7999    0    2.700   1.0000          NULL 
175.4998    9    0.900   1.0000         dur_8
176.3998    0    2.700   1.0000          NULL 
179.0998    6    0.900   1.0000         dur_5
179.9998    0    2.700   1.0000          NULL 
182.6998    1    0.900   1.0000         dur_0
183.5998    0    2.700   1.0000          NULL 
186.2998    6    0.900   1.0000         dur_5
187.1998    0    4.500   1.0000          NULL 
191.6998    7    0.900   1.0000         dur_6
192.5998    0    2.700   1.0000          NULL 
195.2998   11    0.900   1.0000        dur_10
196.1998    0    4.500   1.0000          NULL 
200.6998    9    0.900   1.0000         dur_8
201.5998    0    2.700   1.0000          NULL 
204.2998   10    0.900   1.0000         dur_9
205.1998    0    2.700   1.0000          NULL 
207.8997   11    0.900   1.0000        dur_10
208.7997    0    2.700   1.0000          NULL 
211.4997   12    0.900   1.0000        dur_11
212.3997    0    2.700   1.0000          NULL 
215.0997    2    0.900   1.0000         dur_1
215.9997    0    2.700   1.0000          NULL 
218.6997   10    0.900   1.0000         dur_9
219.5997    0    2.700   1.0000          NULL 
222.2997    3    0.900   1.0000         dur_2
223.1997    0    4.500   1.0000          NULL 
227.6997    4    0.900   1.0000         dur_3
228.5997    0    2.700   1.0000          NULL 
231.2997    8    0.900   1.0000         dur_7
232.1997    0    2.700   1.0000          NULL 
234.8997   10    0.900   1.0000         dur_9
235.7997    0    3.600   1.0000          NULL 
239.3997    3    0.900   1.0000         dur_2
240.2997    0    2.700   1.0000          NULL 
242.9996    2    0.900   1.0000         dur_1
243.8996    0    3.600   1.0000          NULL 
247.4996    3    0.900   1.0000         dur_2
248.3996    0    2.700   1.0000          NULL 
251.0996    7    0.900   1.0000         dur_6
251.9996    0    2.700   1.0000          NULL 
254.6996    2    0.900   1.0000         dur_1
255.5996    0    2.700   1.0000          NULL 
258.2996    9    0.900   1.0000         dur_8
259.1996    0    2.700   1.0000          NULL 
261.8996    9    0.900   1.0000         dur_8
262.7996    0    2.700   1.0000          NULL 
265.4996   12    0.900   1.0000        dur_11
266.3996    0    2.700   1.0000          NULL 
269.0996    9    0.900   1.0000         dur_8
269.9996    0    2.700   1.0000          NULL 
272.6996    5    0.900   1.0000         dur_4
273.5996    0    2.700   1.0000          NULL 
276.2997   10    0.900   1.0000         dur_9
277.1996    0    3.600   1.0000          NULL 
280.7997    7    0.900   1.0000         dur_6
281.6996    0    2.700   1.0000          NULL 
284.3997    4    0.900   1.0000         dur_3
285.2997    0    2.700   1.0000          NULL 
287.9997    2    0.900   1.0000         dur_1
288.8997    0    2.700   1.0000          NULL 
291.5997    4    0.900   1.0000         dur_3
292.4997    0    2.700   1.0000          NULL 
295.1997    1    0.900   1.0000         dur_0
296.0997    0    4.500   1.0000          NULL 
300.5997   11    0.900   1.0000        dur_10
301.4997    0    2.700   1.0000          NULL 
304.1997    7    0.900   1.0000         dur_6
305.0997    0    3.600   1.0000          NULL 
308.6997   11    0.900   1.0000        dur_10
309.5997    0    2.700   1.0000          NULL 
312.2997    8    0.900   1.0000         dur_7
313.1997    0    3.600   1.0000          NULL 
316.7997    7    0.900   1.0000         dur_6
317.6997    0    2.700   1.0000          NULL 
320.3997    5    0.900   1.0000         dur_4
321.2997    0    2.700   1.0000          NULL 
