  0.0000    7    0.900   1.0000         dur_6
  0.9000    0    2.700   1.0000          NULL 
  3.6000    9    0.900   1.0000         dur_8
  4.5000    0    5.400   1.0000          NULL 
  9.9000    4    0.900   1.0000         dur_3
 10.8000    0    2.700   1.0000          NULL 
 13.5000    8    0.900   1.0000         dur_7
 14.4000    0    2.700   1.0000          NULL 
 17.1000    3    0.900   1.0000         dur_2
 18.0000    0    2.700   1.0000          NULL 
 20.7000    2    0.900   1.0000         dur_1
 21.6000    0    2.700   1.0000          NULL 
 24.3000    7    0.900   1.0000         dur_6
 25.2000    0    2.700   1.0000          NULL 
 27.9000    8    0.900   1.0000         dur_7
 28.8000    0    2.700   1.0000          NULL 
 31.5000    9    0.900   1.0000         dur_8
 32.4000    0    2.700   1.0000          NULL 
 35.1000    1    0.900   1.0000         dur_0
 36.0000    0    2.700   1.0000          NULL 
 38.7000    5    0.900   1.0000         dur_4
 39.6000    0    3.600   1.0000          NULL 
 43.2000   11    0.900   1.0000        dur_10
 44.1000    0    2.700   1.0000          NULL 
 46.8000    4    0.900   1.0000         dur_3
 47.7000    0    3.600   1.0000          NULL 
 51.3000    9    0.900   1.0000         dur_8
 52.2000    0    2.700   1.0000          NULL 
 54.9000    5    0.900   1.0000         dur_4
 55.8000    0    2.700   1.0000          NULL 
 58.5000    3    0.900   1.0000         dur_2
 59.4000    0    3.600   1.0000          NULL 
 63.0000    5    0.900   1.0000         dur_4
 63.9000    0    2.700   1.0000          NULL 
 66.6000   10    0.900   1.0000         dur_9
 67.5000    0    2.700   1.0000          NULL 
 70.2000    4    0.900   1.0000         dur_3
 71.1000    0    2.700   1.0000          NULL 
 73.8000   11    0.900   1.0000        dur_10
 74.7000    0    2.700   1.0000          NULL 
 77.4000    2    0.900   1.0000         dur_1
 78.3000    0    2.700   1.0000          NULL 
 81.0000    9    0.900   1.0000         dur_8
 81.9000    0    2.700   1.0000          NULL 
 84.6000    7    0.900   1.0000         dur_6
 85.5000    0    4.500   1.0000          NULL 
 90.0000   12    0.900   1.0000        dur_11
 90.9000    0    2.700   1.0000          NULL 
 93.6000    3    0.900   1.0000         dur_2
 94.5000    0    3.600   1.0000          NULL 
 98.1000   11    0.900   1.0000        dur_10
 99.0000    0    2.700   1.0000          NULL 
101.7000    8    0.900   1.0000         dur_7
102.6000    0    2.700   1.0000          NULL 
105.3000   10    0.900   1.0000         dur_9
106.2000    0    2.700   1.0000          NULL 
108.9000    6    0.900   1.0000         dur_5
109.8000    0    2.700   1.0000          NULL 
112.5000    9    0.900   1.0000         dur_8
113.4000    0    2.700   1.0000          NULL 
116.1000    6    0.900   1.0000         dur_5
117.0000    0    2.700   1.0000          NULL 
119.7000   10    0.900   1.0000         dur_9
120.6000    0    2.700   1.0000          NULL 
123.3000    5    0.900   1.0000         dur_4
124.2000    0    3.600   1.0000          NULL 
127.8000   10    0.900   1.0000         dur_9
128.7000    0    2.700   1.0000          NULL 
131.4000    2    0.900   1.0000         dur_1
132.3000    0    2.700   1.0000          NULL 
135.0000   10    0.900   1.0000         dur_9
135.9000    0    2.700   1.0000          NULL 
138.6000   12    0.900   1.0000        dur_11
139.5000    0    2.700   1.0000          NULL 
142.2000    6    0.900   1.0000         dur_5
143.1000    0    2.700   1.0000          NULL 
145.8000    6    0.900   1.0000         dur_5
146.7000    0    3.600   1.0000          NULL 
150.2999    4    0.900   1.0000         dur_3
151.1999    0    2.700   1.0000          NULL 
153.8999    3    0.900   1.0000         dur_2
154.7999    0    2.700   1.0000          NULL 
157.4999   12    0.900   1.0000        dur_11
158.3999    0    4.500   1.0000          NULL 
162.8999    5    0.900   1.0000         dur_4
163.7999    0    6.300   1.0000          NULL 
170.0999    5    0.900   1.0000         dur_4
170.9999    0    2.700   1.0000          NULL 
173.6999    3    0.900   1.0000         dur_2
174.5999    0    3.600   1.0000          NULL 
178.1998    1    0.900   1.0000         dur_0
179.0998    0    2.700   1.0000          NULL 
181.7998   10    0.900   1.0000         dur_9
182.6998    0    2.700   1.0000          NULL 
185.3998    7    0.900   1.0000         dur_6
186.2998    0    2.700   1.0000          NULL 
188.9998    6    0.900   1.0000         dur_5
189.8998    0    2.700   1.0000          NULL 
192.5998    1    0.900   1.0000         dur_0
193.4998    0    2.700   1.0000          NULL 
196.1998   11    0.900   1.0000        dur_10
197.0998    0    4.500   1.0000          NULL 
201.5998    3    0.900   1.0000         dur_2
202.4998    0    2.700   1.0000          NULL 
205.1998    7    0.900   1.0000         dur_6
206.0998    0    2.700   1.0000          NULL 
208.7998    8    0.900   1.0000         dur_7
209.6998    0    2.700   1.0000          NULL 
212.3997   11    0.900   1.0000        dur_10
213.2997    0    4.500   1.0000          NULL 
217.7997    1    0.900   1.0000         dur_0
218.6997    0    2.700   1.0000          NULL 
221.3997   12    0.900   1.0000        dur_11
222.2997    0    2.700   1.0000          NULL 
224.9997    1    0.900   1.0000         dur_0
225.8997    0    4.500   1.0000          NULL 
230.3997    8    0.900   1.0000         dur_7
231.2997    0    2.700   1.0000          NULL 
233.9997   12    0.900   1.0000        dur_11
234.8997    0    2.700   1.0000          NULL 
237.5997   11    0.900   1.0000        dur_10
238.4997    0    2.700   1.0000          NULL 
241.1997   10    0.900   1.0000         dur_9
242.0997    0    2.700   1.0000          NULL 
244.7997    8    0.900   1.0000         dur_7
245.6996    0    4.500   1.0000          NULL 
250.1996    2    0.900   1.0000         dur_1
251.0996    0    2.700   1.0000          NULL 
253.7996    8    0.900   1.0000         dur_7
254.6996    0    2.700   1.0000          NULL 
257.3996    3    0.900   1.0000         dur_2
258.2996    0    2.700   1.0000          NULL 
260.9996    4    0.900   1.0000         dur_3
261.8996    0    3.600   1.0000          NULL 
265.4996    2    0.900   1.0000         dur_1
266.3996    0    2.700   1.0000          NULL 
269.0996   11    0.900   1.0000        dur_10
269.9996    0    2.700   1.0000          NULL 
272.6996    2    0.900   1.0000         dur_1
273.5996    0    2.700   1.0000          NULL 
276.2997    5    0.900   1.0000         dur_4
277.1996    0    6.300   1.0000          NULL 
283.4996    9    0.900   1.0000         dur_8
284.3996    0    2.700   1.0000          NULL 
287.0996   12    0.900   1.0000        dur_11
287.9996    0    2.700   1.0000          NULL 
290.6996    4    0.900   1.0000         dur_3
291.5996    0    2.700   1.0000          NULL 
294.2997    7    0.900   1.0000         dur_6
295.1996    0    2.700   1.0000          NULL 
297.8997    1    0.900   1.0000         dur_0
298.7997    0    2.700   1.0000          NULL 
301.4997    7    0.900   1.0000         dur_6
302.3997    0    2.700   1.0000          NULL 
305.0997    4    0.900   1.0000         dur_3
305.9997    0    2.700   1.0000          NULL 
308.6997    6    0.900   1.0000         dur_5
309.5997    0    3.600   1.0000          NULL 
313.1997   12    0.900   1.0000        dur_11
314.0997    0    2.700   1.0000          NULL 
316.7997    9    0.900   1.0000         dur_8
317.6997    0    2.700   1.0000          NULL 
320.3997    6    0.900   1.0000         dur_5
321.2997    0    2.700   1.0000          NULL 
