  0.0000   12    0.900   1.0000        dur_11
  0.9000    0    2.700   1.0000          NULL 
  3.6000    7    0.900   1.0000         dur_6
  4.5000    0    2.700   1.0000          NULL 
  7.2000    7    0.900   1.0000         dur_6
  8.1000    0    2.700   1.0000          NULL 
 10.8000    3    0.900   1.0000         dur_2
 11.7000    0    2.700   1.0000          NULL 
 14.4000    2    0.900   1.0000         dur_1
 15.3000    0    2.700   1.0000          NULL 
 18.0000    6    0.900   1.0000         dur_5
 18.9000    0    2.700   1.0000          NULL 
 21.6000    9    0.900   1.0000         dur_8
 22.5000    0    2.700   1.0000          NULL 
 25.2000    4    0.900   1.0000         dur_3
 26.1000    0    2.700   1.0000          NULL 
 28.8000   12    0.900   1.0000        dur_11
 29.7000    0    3.600   1.0000          NULL 
 33.3000    8    0.900   1.0000         dur_7
 34.2000    0    3.600   1.0000          NULL 
 37.8000    9    0.900   1.0000         dur_8
 38.7000    0    2.700   1.0000          NULL 
 41.4000   11    0.900   1.0000        dur_10
 42.3000    0    2.700   1.0000          NULL 
 45.0000    1    0.900   1.0000         dur_0
 45.9000    0    3.600   1.0000          NULL 
 49.5000    3    0.900   1.0000         dur_2
 50.4000    0    2.700   1.0000          NULL 
 53.1000    5    0.900   1.0000         dur_4
 54.0000    0    2.700   1.0000          NULL 
 56.7000    2    0.900   1.0000         dur_1
 57.6000    0    3.600   1.0000          NULL 
 61.2000    5    0.900   1.0000         dur_4
 62.1000    0    2.700   1.0000          NULL 
 64.8000    1    0.900   1.0000         dur_0
 65.7000    0    2.700   1.0000          NULL 
 68.4000    4    0.900   1.0000         dur_3
 69.3000    0    6.300   1.0000          NULL 
 75.6000    4    0.900   1.0000         dur_3
 76.5000    0    2.700   1.0000          NULL 
 79.2000    8    0.900   1.0000         dur_7
 80.1000    0    2.700   1.0000          NULL 
 82.8000   12    0.900   1.0000        dur_11
 83.7000    0    4.500   1.0000          NULL 
 88.2000    9    0.900   1.0000         dur_8
 89.1000    0    2.700   1.0000          NULL 
 91.8000    6    0.900   1.0000         dur_5
 92.7000    0    2.700   1.0000          NULL 
 95.4000    1    0.900   1.0000         dur_0
 96.3000    0    2.700   1.0000          NULL 
 99.0000    6    0.900   1.0000         dur_5
 99.9000    0    3.600   1.0000          NULL 
103.5000    4    0.900   1.0000         dur_3
104.4000    0    2.700   1.0000          NULL 
107.1000    5    0.900   1.0000         dur_4
108.0000    0    2.700   1.0000          NULL 
110.7000    8    0.900   1.0000         dur_7
111.6000    0    2.700   1.0000          NULL 
114.3000    2    0.900   1.0000         dur_1
115.2000    0    2.700   1.0000          NULL 
117.9000    9    0.900   1.0000         dur_8
118.8000    0    2.700   1.0000          NULL 
121.5000    1    0.900   1.0000         dur_0
122.4000    0    5.400   1.0000          NULL 
127.8000   10    0.900   1.0000         dur_9
128.7000    0    2.700   1.0000          NULL 
131.4000   11    0.900   1.0000        dur_10
132.3000    0    2.700   1.0000          NULL 
135.0000   10    0.900   1.0000         dur_9
135.9000    0    2.700   1.0000          NULL 
138.6000    8    0.900   1.0000         dur_7
139.5000    0    2.700   1.0000          NULL 
142.2000    7    0.900   1.0000         dur_6
143.1000    0    3.600   1.0000          NULL 
146.7000    8    0.900   1.0000         dur_7
147.6000    0    2.700   1.0000          NULL 
150.3000    8    0.900   1.0000         dur_7
151.2000    0    5.400   1.0000          NULL 
156.5999    6    0.900   1.0000         dur_5
157.4999    0    2.700   1.0000          NULL 
160.1999    8    0.900   1.0000         dur_7
161.0999    0    2.700   1.0000          NULL 
163.7999    3    0.900   1.0000         dur_2
164.6999    0    2.700   1.0000          NULL 
167.3999   12    0.900   1.0000        dur_11
168.2999    0    3.600   1.0000          NULL 
171.8999    6    0.900   1.0000         dur_5
172.7999    0    2.700   1.0000          NULL 
175.4999   10    0.900   1.0000         dur_9
176.3999    0    2.700   1.0000          NULL 
179.0999    7    0.900   1.0000         dur_6
179.9999    0    2.700   1.0000          NULL 
182.6999    2    0.900   1.0000         dur_1
183.5999    0    2.700   1.0000          NULL 
186.2999    3    0.900   1.0000         dur_2
187.1998    0    2.700   1.0000          NULL 
189.8998    7    0.900   1.0000         dur_6
190.7998    0    2.700   1.0000          NULL 
193.4998   10    0.900   1.0000         dur_9
194.3998    0    2.700   1.0000          NULL 
197.0998    6    0.900   1.0000         dur_5
197.9998    0    2.700   1.0000          NULL 
200.6998    3    0.900   1.0000         dur_2
201.5998    0    4.500   1.0000          NULL 
206.0998   12    0.900   1.0000        dur_11
206.9998    0    2.700   1.0000          NULL 
209.6998   10    0.900   1.0000         dur_9
210.5998    0    4.500   1.0000          NULL 
215.0998    5    0.900   1.0000         dur_4
215.9998    0    2.700   1.0000          NULL 
218.6998   10    0.900   1.0000         dur_9
219.5997    0    4.500   1.0000          NULL 
224.0997   11    0.900   1.0000        dur_10
224.9997    0    3.600   1.0000          NULL 
228.5997    7    0.900   1.0000         dur_6
229.4997    0    2.700   1.0000          NULL 
232.1997   11    0.900   1.0000        dur_10
233.0997    0    2.700   1.0000          NULL 
235.7997    5    0.900   1.0000         dur_4
236.6997    0    3.600   1.0000          NULL 
240.2997    7    0.900   1.0000         dur_6
241.1997    0    3.600   1.0000          NULL 
244.7997   12    0.900   1.0000        dur_11
245.6997    0    2.700   1.0000          NULL 
248.3997    2    0.900   1.0000         dur_1
249.2997    0    2.700   1.0000          NULL 
251.9996    6    0.900   1.0000         dur_5
252.8996    0    2.700   1.0000          NULL 
255.5996    2    0.900   1.0000         dur_1
256.4996    0    2.700   1.0000          NULL 
259.1996    4    0.900   1.0000         dur_3
260.0996    0    2.700   1.0000          NULL 
262.7997   10    0.900   1.0000         dur_9
263.6996    0    2.700   1.0000          NULL 
266.3997    5    0.900   1.0000         dur_4
267.2997    0    5.400   1.0000          NULL 
272.6996    5    0.900   1.0000         dur_4
273.5996    0    2.700   1.0000          NULL 
276.2997    4    0.900   1.0000         dur_3
277.1996    0    2.700   1.0000          NULL 
279.8997    9    0.900   1.0000         dur_8
280.7997    0    3.600   1.0000          NULL 
284.3997   11    0.900   1.0000        dur_10
285.2997    0    2.700   1.0000          NULL 
287.9997    9    0.900   1.0000         dur_8
288.8997    0    2.700   1.0000          NULL 
291.5997    4    0.900   1.0000         dur_3
292.4997    0    2.700   1.0000          NULL 
295.1997    3    0.900   1.0000         dur_2
296.0997    0    2.700   1.0000          NULL 
298.7997    1    0.900   1.0000         dur_0
299.6997    0    2.700   1.0000          NULL 
302.3997    1    0.900   1.0000         dur_0
303.2997    0    2.700   1.0000          NULL 
305.9997   12    0.900   1.0000        dur_11
306.8997    0    2.700   1.0000          NULL 
309.5997   11    0.900   1.0000        dur_10
310.4997    0    2.700   1.0000          NULL 
313.1997   11    0.900   1.0000        dur_10
314.0997    0    2.700   1.0000          NULL 
316.7997    3    0.900   1.0000         dur_2
317.6997    0    2.700   1.0000          NULL 
320.3997    9    0.900   1.0000         dur_8
321.2997    0    2.700   1.0000          NULL 
