  0.0000    6    0.900   1.0000         dur_5
  0.9000    0    2.700   1.0000          NULL 
  3.6000   10    0.900   1.0000         dur_9
  4.5000    0    2.700   1.0000          NULL 
  7.2000    4    0.900   1.0000         dur_3
  8.1000    0    4.500   1.0000          NULL 
 12.6000    4    0.900   1.0000         dur_3
 13.5000    0    2.700   1.0000          NULL 
 16.2000    3    0.900   1.0000         dur_2
 17.1000    0    2.700   1.0000          NULL 
 19.8000    4    0.900   1.0000         dur_3
 20.7000    0    2.700   1.0000          NULL 
 23.4000    8    0.900   1.0000         dur_7
 24.3000    0    2.700   1.0000          NULL 
 27.0000    7    0.900   1.0000         dur_6
 27.9000    0    2.700   1.0000          NULL 
 30.6000    3    0.900   1.0000         dur_2
 31.5000    0    2.700   1.0000          NULL 
 34.2000    6    0.900   1.0000         dur_5
 35.1000    0    2.700   1.0000          NULL 
 37.8000   11    0.900   1.0000        dur_10
 38.7000    0    2.700   1.0000          NULL 
 41.4000   10    0.900   1.0000         dur_9
 42.3000    0    2.700   1.0000          NULL 
 45.0000    6    0.900   1.0000         dur_5
 45.9000    0    2.700   1.0000          NULL 
 48.6000    1    0.900   1.0000         dur_0
 49.5000    0    2.700   1.0000          NULL 
 52.2000    9    0.900   1.0000         dur_8
 53.1000    0    4.500   1.0000          NULL 
 57.6000   10    0.900   1.0000         dur_9
 58.5000    0    2.700   1.0000          NULL 
 61.2000   11    0.900   1.0000        dur_10
 62.1000    0    3.600   1.0000          NULL 
 65.7000    7    0.900   1.0000         dur_6
 66.6000    0    2.700   1.0000          NULL 
 69.3000    1    0.900   1.0000         dur_0
 70.2000    0    2.700   1.0000          NULL 
 72.9000    8    0.900   1.0000         dur_7
 73.8000    0    2.700   1.0000          NULL 
 76.5000    8    0.900   1.0000         dur_7
 77.4000    0    2.700   1.0000          NULL 
 80.1000    2    0.900   1.0000         dur_1
 81.0000    0    2.700   1.0000          NULL 
 83.7000    9    0.900   1.0000         dur_8
 84.6000    0    2.700   1.0000          NULL 
 87.3000   10    0.900   1.0000         dur_9
 88.2000    0    3.600   1.0000          NULL 
 91.8000   11    0.900   1.0000        dur_10
 92.7000    0    2.700   1.0000          NULL 
 95.4000    5    0.900   1.0000         dur_4
 96.3000    0    4.500   1.0000          NULL 
100.8000    9    0.900   1.0000         dur_8
101.7000    0    2.700   1.0000          NULL 
104.4000    8    0.900   1.0000         dur_7
105.3000    0    2.700   1.0000          NULL 
108.0000   10    0.900   1.0000         dur_9
108.9000    0    2.700   1.0000          NULL 
111.6000    7    0.900   1.0000         dur_6
112.5000    0    2.700   1.0000          NULL 
115.2000   10    0.900   1.0000         dur_9
116.1000    0    2.700   1.0000          NULL 
118.8000    9    0.900   1.0000         dur_8
119.7000    0    2.700   1.0000          NULL 
122.4000    9    0.900   1.0000         dur_8
123.3000    0    2.700   1.0000          NULL 
126.0000   12    0.900   1.0000        dur_11
126.9000    0    2.700   1.0000          NULL 
129.6000    9    0.900   1.0000         dur_8
130.5000    0    2.700   1.0000          NULL 
133.2000    7    0.900   1.0000         dur_6
134.1000    0    3.600   1.0000          NULL 
137.7000    5    0.900   1.0000         dur_4
138.6000    0    2.700   1.0000          NULL 
141.3000   12    0.900   1.0000        dur_11
142.2000    0    2.700   1.0000          NULL 
144.9000    8    0.900   1.0000         dur_7
145.8000    0    2.700   1.0000          NULL 
148.5000    4    0.900   1.0000         dur_3
149.3999    0    3.600   1.0000          NULL 
152.9999   11    0.900   1.0000        dur_10
153.8999    0    4.500   1.0000          NULL 
158.3999    3    0.900   1.0000         dur_2
159.2999    0    2.700   1.0000          NULL 
161.9999    3    0.900   1.0000         dur_2
162.8999    0    2.700   1.0000          NULL 
165.5999    7    0.900   1.0000         dur_6
166.4999    0    2.700   1.0000          NULL 
169.1999   12    0.900   1.0000        dur_11
170.0999    0    2.700   1.0000          NULL 
172.7999    4    0.900   1.0000         dur_3
173.6999    0    2.700   1.0000          NULL 
176.3999    4    0.900   1.0000         dur_3
177.2999    0    4.500   1.0000          NULL 
181.7999    5    0.900   1.0000         dur_4
182.6998    0    2.700   1.0000          NULL 
185.3998    8    0.900   1.0000         dur_7
186.2998    0    2.700   1.0000          NULL 
188.9998    3    0.900   1.0000         dur_2
189.8998    0    2.700   1.0000          NULL 
192.5998   12    0.900   1.0000        dur_11
193.4998    0    6.300   1.0000          NULL 
199.7998    2    0.900   1.0000         dur_1
200.6998    0    2.700   1.0000          NULL 
203.3998    5    0.900   1.0000         dur_4
204.2998    0    2.700   1.0000          NULL 
206.9998    5    0.900   1.0000         dur_4
207.8998    0    3.600   1.0000          NULL 
211.4998    9    0.900   1.0000         dur_8
212.3997    0    5.400   1.0000          NULL 
217.7997   12    0.900   1.0000        dur_11
218.6997    0    2.700   1.0000          NULL 
221.3997    5    0.900   1.0000         dur_4
222.2997    0    2.700   1.0000          NULL 
224.9997    3    0.900   1.0000         dur_2
225.8997    0    2.700   1.0000          NULL 
228.5997    2    0.900   1.0000         dur_1
229.4997    0    2.700   1.0000          NULL 
232.1997    2    0.900   1.0000         dur_1
233.0997    0    2.700   1.0000          NULL 
235.7997   11    0.900   1.0000        dur_10
236.6997    0    2.700   1.0000          NULL 
239.3997   12    0.900   1.0000        dur_11
240.2997    0    2.700   1.0000          NULL 
242.9997    1    0.900   1.0000         dur_0
243.8997    0    2.700   1.0000          NULL 
246.5997    6    0.900   1.0000         dur_5
247.4996    0    3.600   1.0000          NULL 
251.0996   12    0.900   1.0000        dur_11
251.9996    0    2.700   1.0000          NULL 
254.6996    7    0.900   1.0000         dur_6
255.5996    0    6.300   1.0000          NULL 
261.8996    7    0.900   1.0000         dur_6
262.7996    0    2.700   1.0000          NULL 
265.4996    6    0.900   1.0000         dur_5
266.3996    0    2.700   1.0000          NULL 
269.0996    8    0.900   1.0000         dur_7
269.9996    0    2.700   1.0000          NULL 
272.6996    1    0.900   1.0000         dur_0
273.5996    0    2.700   1.0000          NULL 
276.2996    4    0.900   1.0000         dur_3
277.1996    0    2.700   1.0000          NULL 
279.8996   11    0.900   1.0000        dur_10
280.7996    0    2.700   1.0000          NULL 
283.4996    6    0.900   1.0000         dur_5
284.3996    0    2.700   1.0000          NULL 
287.0996    2    0.900   1.0000         dur_1
287.9996    0    4.500   1.0000          NULL 
292.4996    3    0.900   1.0000         dur_2
293.3996    0    2.700   1.0000          NULL 
296.0996   10    0.900   1.0000         dur_9
296.9996    0    3.600   1.0000          NULL 
300.5996   11    0.900   1.0000        dur_10
301.4996    0    2.700   1.0000          NULL 
304.1996    1    0.900   1.0000         dur_0
305.0996    0    3.600   1.0000          NULL 
308.6996    5    0.900   1.0000         dur_4
309.5996    0    2.700   1.0000          NULL 
312.2997    1    0.900   1.0000         dur_0
313.1996    0    3.600   1.0000          NULL 
316.7997    2    0.900   1.0000         dur_1
317.6996    0    2.700   1.0000          NULL 
320.3997    6    0.900   1.0000         dur_5
321.2997    0    2.700   1.0000          NULL 
