  0.0000    7    0.900   1.0000         dur_6
  0.9000    0    2.700   1.0000          NULL 
  3.6000   10    0.900   1.0000         dur_9
  4.5000    0    2.700   1.0000          NULL 
  7.2000    8    0.900   1.0000         dur_7
  8.1000    0    2.700   1.0000          NULL 
 10.8000   12    0.900   1.0000        dur_11
 11.7000    0    2.700   1.0000          NULL 
 14.4000    4    0.900   1.0000         dur_3
 15.3000    0    2.700   1.0000          NULL 
 18.0000    3    0.900   1.0000         dur_2
 18.9000    0    2.700   1.0000          NULL 
 21.6000    2    0.900   1.0000         dur_1
 22.5000    0    2.700   1.0000          NULL 
 25.2000    4    0.900   1.0000         dur_3
 26.1000    0    2.700   1.0000          NULL 
 28.8000    5    0.900   1.0000         dur_4
 29.7000    0    2.700   1.0000          NULL 
 32.4000    9    0.900   1.0000         dur_8
 33.3000    0    2.700   1.0000          NULL 
 36.0000    2    0.900   1.0000         dur_1
 36.9000    0    2.700   1.0000          NULL 
 39.6000    8    0.900   1.0000         dur_7
 40.5000    0    2.700   1.0000          NULL 
 43.2000    8    0.900   1.0000         dur_7
 44.1000    0    2.700   1.0000          NULL 
 46.8000    9    0.900   1.0000         dur_8
 47.7000    0    2.700   1.0000          NULL 
 50.4000    6    0.900   1.0000         dur_5
 51.3000    0    2.700   1.0000          NULL 
 54.0000    8    0.900   1.0000         dur_7
 54.9000    0    2.700   1.0000          NULL 
 57.6000   11    0.900   1.0000        dur_10
 58.5000    0    3.600   1.0000          NULL 
 62.1000    5    0.900   1.0000         dur_4
 63.0000    0    2.700   1.0000          NULL 
 65.7000   10    0.900   1.0000         dur_9
 66.6000    0    2.700   1.0000          NULL 
 69.3000    6    0.900   1.0000         dur_5
 70.2000    0    2.700   1.0000          NULL 
 72.9000   11    0.900   1.0000        dur_10
 73.8000    0    3.600   1.0000          NULL 
 77.4000    4    0.900   1.0000         dur_3
 78.3000    0    2.700   1.0000          NULL 
 81.0000    3    0.900   1.0000         dur_2
 81.9000    0    2.700   1.0000          NULL 
 84.6000   11    0.900   1.0000        dur_10
 85.5000    0    2.700   1.0000          NULL 
 88.2000    1    0.900   1.0000         dur_0
 89.1000    0    2.700   1.0000          NULL 
 91.8000    1    0.900   1.0000         dur_0
 92.7000    0    3.600   1.0000          NULL 
 96.3000    3    0.900   1.0000         dur_2
 97.2000    0    2.700   1.0000          NULL 
 99.9000    9    0.900   1.0000         dur_8
100.8000    0    2.700   1.0000          NULL 
103.5000    5    0.900   1.0000         dur_4
104.4000    0    2.700   1.0000          NULL 
107.1000    5    0.900   1.0000         dur_4
108.0000    0    3.600   1.0000          NULL 
111.6000    5    0.900   1.0000         dur_4
112.5000    0    2.700   1.0000          NULL 
115.2000    4    0.900   1.0000         dur_3
116.1000    0    2.700   1.0000          NULL 
118.8000    9    0.900   1.0000         dur_8
119.7000    0    2.700   1.0000          NULL 
122.4000    3    0.900   1.0000         dur_2
123.3000    0    2.700   1.0000          NULL 
126.0000    3    0.900   1.0000         dur_2
126.9000    0    6.300   1.0000          NULL 
133.2000    1    0.900   1.0000         dur_0
134.1000    0    2.700   1.0000          NULL 
136.8000    9    0.900   1.0000         dur_8
137.7000    0    3.600   1.0000          NULL 
141.3000   12    0.900   1.0000        dur_11
142.2000    0    2.700   1.0000          NULL 
144.8999    8    0.900   1.0000         dur_7
145.7999    0    2.700   1.0000          NULL 
148.4999    3    0.900   1.0000         dur_2
149.3999    0    3.600   1.0000          NULL 
152.9999    1    0.900   1.0000         dur_0
153.8999    0    3.600   1.0000          NULL 
157.4999    4    0.900   1.0000         dur_3
158.3999    0    2.700   1.0000          NULL 
161.0999   11    0.900   1.0000        dur_10
161.9999    0    4.500   1.0000          NULL 
166.4999    6    0.900   1.0000         dur_5
167.3999    0    5.400   1.0000          NULL 
172.7999    6    0.900   1.0000         dur_5
173.6998    0    2.700   1.0000          NULL 
176.3998    2    0.900   1.0000         dur_1
177.2998    0    2.700   1.0000          NULL 
179.9998    1    0.900   1.0000         dur_0
180.8998    0    2.700   1.0000          NULL 
183.5998   10    0.900   1.0000         dur_9
184.4998    0    2.700   1.0000          NULL 
187.1998    5    0.900   1.0000         dur_4
188.0998    0    4.500   1.0000          NULL 
192.5998   11    0.900   1.0000        dur_10
193.4998    0    2.700   1.0000          NULL 
196.1998    5    0.900   1.0000         dur_4
197.0998    0    2.700   1.0000          NULL 
199.7998   12    0.900   1.0000        dur_11
200.6998    0    5.400   1.0000          NULL 
206.0997   10    0.900   1.0000         dur_9
206.9997    0    2.700   1.0000          NULL 
209.6997    4    0.900   1.0000         dur_3
210.5997    0    2.700   1.0000          NULL 
213.2997    7    0.900   1.0000         dur_6
214.1997    0    3.600   1.0000          NULL 
217.7997   12    0.900   1.0000        dur_11
218.6997    0    2.700   1.0000          NULL 
221.3997   12    0.900   1.0000        dur_11
222.2997    0    2.700   1.0000          NULL 
224.9997    7    0.900   1.0000         dur_6
225.8997    0    2.700   1.0000          NULL 
228.5997    7    0.900   1.0000         dur_6
229.4997    0    2.700   1.0000          NULL 
232.1997    2    0.900   1.0000         dur_1
233.0997    0    2.700   1.0000          NULL 
235.7997   10    0.900   1.0000         dur_9
236.6997    0    3.600   1.0000          NULL 
240.2997   10    0.900   1.0000         dur_9
241.1996    0    2.700   1.0000          NULL 
243.8996    2    0.900   1.0000         dur_1
244.7996    0    2.700   1.0000          NULL 
247.4996    7    0.900   1.0000         dur_6
248.3996    0    2.700   1.0000          NULL 
251.0996    6    0.900   1.0000         dur_5
251.9996    0    2.700   1.0000          NULL 
254.6996    7    0.900   1.0000         dur_6
255.5996    0    2.700   1.0000          NULL 
258.2996    8    0.900   1.0000         dur_7
259.1996    0    2.700   1.0000          NULL 
261.8996    7    0.900   1.0000         dur_6
262.7996    0    2.700   1.0000          NULL 
265.4996   12    0.900   1.0000        dur_11
266.3996    0    5.400   1.0000          NULL 
271.7996   11    0.900   1.0000        dur_10
272.6996    0    2.700   1.0000          NULL 
275.3996    6    0.900   1.0000         dur_5
276.2996    0    2.700   1.0000          NULL 
278.9996    4    0.900   1.0000         dur_3
279.8996    0    2.700   1.0000          NULL 
282.5996    6    0.900   1.0000         dur_5
283.4996    0    2.700   1.0000          NULL 
286.1996   10    0.900   1.0000         dur_9
287.0996    0    2.700   1.0000          NULL 
289.7997   11    0.900   1.0000        dur_10
290.6996    0    2.700   1.0000          NULL 
293.3997    2    0.900   1.0000         dur_1
294.2997    0    6.300   1.0000          NULL 
300.5996    3    0.900   1.0000         dur_2
301.4996    0    2.700   1.0000          NULL 
304.1996   12    0.900   1.0000        dur_11
305.0996    0    3.600   1.0000          NULL 
308.6996    9    0.900   1.0000         dur_8
309.5996    0    2.700   1.0000          NULL 
312.2997    9    0.900   1.0000         dur_8
313.1996    0    2.700   1.0000          NULL 
315.8997    1    0.900   1.0000         dur_0
316.7997    0    3.600   1.0000          NULL 
320.3997    8    0.900   1.0000         dur_7
321.2997    0    2.700   1.0000          NULL 
