  0.0000    1    0.900   1.0000         dur_0
  0.9000    0    2.700   1.0000          NULL 
  3.6000    2    0.900   1.0000         dur_1
  4.5000    0    4.500   1.0000          NULL 
  9.0000    8    0.900   1.0000         dur_7
  9.9000    0    2.700   1.0000          NULL 
 12.6000   11    0.900   1.0000        dur_10
 13.5000    0    2.700   1.0000          NULL 
 16.2000    6    0.900   1.0000         dur_5
 17.1000    0    2.700   1.0000          NULL 
 19.8000    5    0.900   1.0000         dur_4
 20.7000    0    2.700   1.0000          NULL 
 23.4000    2    0.900   1.0000         dur_1
 24.3000    0    2.700   1.0000          NULL 
 27.0000    7    0.900   1.0000         dur_6
 27.9000    0    2.700   1.0000          NULL 
 30.6000    1    0.900   1.0000         dur_0
 31.5000    0    2.700   1.0000          NULL 
 34.2000    1    0.900   1.0000         dur_0
 35.1000    0    4.500   1.0000          NULL 
 39.6000    6    0.900   1.0000         dur_5
 40.5000    0    2.700   1.0000          NULL 
 43.2000    9    0.900   1.0000         dur_8
 44.1000    0    4.500   1.0000          NULL 
 48.6000   12    0.900   1.0000        dur_11
 49.5000    0    2.700   1.0000          NULL 
 52.2000    8    0.900   1.0000         dur_7
 53.1000    0    2.700   1.0000          NULL 
 55.8000    6    0.900   1.0000         dur_5
 56.7000    0    2.700   1.0000          NULL 
 59.4000    4    0.900   1.0000         dur_3
 60.3000    0    2.700   1.0000          NULL 
 63.0000    7    0.900   1.0000         dur_6
 63.9000    0    2.700   1.0000          NULL 
 66.6000    4    0.900   1.0000         dur_3
 67.5000    0    2.700   1.0000          NULL 
 70.2000    3    0.900   1.0000         dur_2
 71.1000    0    2.700   1.0000          NULL 
 73.8000    5    0.900   1.0000         dur_4
 74.7000    0    2.700   1.0000          NULL 
 77.4000    4    0.900   1.0000         dur_3
 78.3000    0    2.700   1.0000          NULL 
 81.0000    9    0.900   1.0000         dur_8
 81.9000    0    2.700   1.0000          NULL 
 84.6000    3    0.900   1.0000         dur_2
 85.5000    0    2.700   1.0000          NULL 
 88.2000    8    0.900   1.0000         dur_7
 89.1000    0    2.700   1.0000          NULL 
 91.8000    1    0.900   1.0000         dur_0
 92.7000    0    2.700   1.0000          NULL 
 95.4000   11    0.900   1.0000        dur_10
 96.3000    0    2.700   1.0000          NULL 
 99.0000    5    0.900   1.0000         dur_4
 99.9000    0    2.700   1.0000          NULL 
102.6000    7    0.900   1.0000         dur_6
103.5000    0    3.600   1.0000          NULL 
107.1000    3    0.900   1.0000         dur_2
108.0000    0    2.700   1.0000          NULL 
110.7000    3    0.900   1.0000         dur_2
111.6000    0    4.500   1.0000          NULL 
116.1000    6    0.900   1.0000         dur_5
117.0000    0    3.600   1.0000          NULL 
120.6000    7    0.900   1.0000         dur_6
121.5000    0    2.700   1.0000          NULL 
124.2000    4    0.900   1.0000         dur_3
125.1000    0    3.600   1.0000          NULL 
128.7000    6    0.900   1.0000         dur_5
129.6000    0    2.700   1.0000          NULL 
132.3000   10    0.900   1.0000         dur_9
133.2000    0    2.700   1.0000          NULL 
135.9000    9    0.900   1.0000         dur_8
136.8000    0    5.400   1.0000          NULL 
142.2000    5    0.900   1.0000         dur_4
143.0999    0    2.700   1.0000          NULL 
145.7999   10    0.900   1.0000         dur_9
146.6999    0    2.700   1.0000          NULL 
149.3999    2    0.900   1.0000         dur_1
150.2999    0    2.700   1.0000          NULL 
152.9999   10    0.900   1.0000         dur_9
153.8999    0    2.700   1.0000          NULL 
156.5999    7    0.900   1.0000         dur_6
157.4999    0    2.700   1.0000          NULL 
160.1999   12    0.900   1.0000        dur_11
161.0999    0    2.700   1.0000          NULL 
163.7999    2    0.900   1.0000         dur_1
164.6999    0    2.700   1.0000          NULL 
167.3999   12    0.900   1.0000        dur_11
168.2999    0    2.700   1.0000          NULL 
170.9999    9    0.900   1.0000         dur_8
171.8999    0    2.700   1.0000          NULL 
174.5999    9    0.900   1.0000         dur_8
175.4999    0    2.700   1.0000          NULL 
178.1999    4    0.900   1.0000         dur_3
179.0999    0    2.700   1.0000          NULL 
181.7999    5    0.900   1.0000         dur_4
182.6998    0    2.700   1.0000          NULL 
185.3998    6    0.900   1.0000         dur_5
186.2998    0    2.700   1.0000          NULL 
188.9998    4    0.900   1.0000         dur_3
189.8998    0    2.700   1.0000          NULL 
192.5998   10    0.900   1.0000         dur_9
193.4998    0    2.700   1.0000          NULL 
196.1998    1    0.900   1.0000         dur_0
197.0998    0    3.600   1.0000          NULL 
200.6998   10    0.900   1.0000         dur_9
201.5998    0    2.700   1.0000          NULL 
204.2998   11    0.900   1.0000        dur_10
205.1998    0    5.400   1.0000          NULL 
210.5998    9    0.900   1.0000         dur_8
211.4998    0    2.700   1.0000          NULL 
214.1998    7    0.900   1.0000         dur_6
215.0997    0    6.300   1.0000          NULL 
221.3997   12    0.900   1.0000        dur_11
222.2997    0    2.700   1.0000          NULL 
224.9997   12    0.900   1.0000        dur_11
225.8997    0    3.600   1.0000          NULL 
229.4997    8    0.900   1.0000         dur_7
230.3997    0    2.700   1.0000          NULL 
233.0997    8    0.900   1.0000         dur_7
233.9997    0    3.600   1.0000          NULL 
237.5997   10    0.900   1.0000         dur_9
238.4997    0    2.700   1.0000          NULL 
241.1997    6    0.900   1.0000         dur_5
242.0997    0    2.700   1.0000          NULL 
244.7997   11    0.900   1.0000        dur_10
245.6996    0    2.700   1.0000          NULL 
248.3996   12    0.900   1.0000        dur_11
249.2996    0    2.700   1.0000          NULL 
251.9996    3    0.900   1.0000         dur_2
252.8996    0    2.700   1.0000          NULL 
255.5996   11    0.900   1.0000        dur_10
256.4996    0    2.700   1.0000          NULL 
259.1996   10    0.900   1.0000         dur_9
260.0996    0    3.600   1.0000          NULL 
263.6996    9    0.900   1.0000         dur_8
264.5996    0    2.700   1.0000          NULL 
267.2997    1    0.900   1.0000         dur_0
268.1996    0    2.700   1.0000          NULL 
270.8997    7    0.900   1.0000         dur_6
271.7997    0    2.700   1.0000          NULL 
274.4997    2    0.900   1.0000         dur_1
275.3997    0    5.400   1.0000          NULL 
280.7997    5    0.900   1.0000         dur_4
281.6996    0    2.700   1.0000          NULL 
284.3997    3    0.900   1.0000         dur_2
285.2997    0    2.700   1.0000          NULL 
287.9997   11    0.900   1.0000        dur_10
288.8997    0    2.700   1.0000          NULL 
291.5997    8    0.900   1.0000         dur_7
292.4997    0    2.700   1.0000          NULL 
295.1997    5    0.900   1.0000         dur_4
296.0997    0    2.700   1.0000          NULL 
298.7997   12    0.900   1.0000        dur_11
299.6997    0    5.400   1.0000          NULL 
305.0997    2    0.900   1.0000         dur_1
305.9997    0    2.700   1.0000          NULL 
308.6997    4    0.900   1.0000         dur_3
309.5997    0    2.700   1.0000          NULL 
312.2997   11    0.900   1.0000        dur_10
313.1997    0    2.700   1.0000          NULL 
315.8997    3    0.900   1.0000         dur_2
316.7997    0    2.700   1.0000          NULL 
319.4997    8    0.900   1.0000         dur_7
320.3997    0    3.600   1.0000          NULL 
