  0.0000    3    0.900   1.0000         dur_2
  0.9000    0    2.700   1.0000          NULL 
  3.6000    2    0.900   1.0000         dur_1
  4.5000    0    2.700   1.0000          NULL 
  7.2000   10    0.900   1.0000         dur_9
  8.1000    0    2.700   1.0000          NULL 
 10.8000    3    0.900   1.0000         dur_2
 11.7000    0    2.700   1.0000          NULL 
 14.4000    5    0.900   1.0000         dur_4
 15.3000    0    2.700   1.0000          NULL 
 18.0000    8    0.900   1.0000         dur_7
 18.9000    0    2.700   1.0000          NULL 
 21.6000    6    0.900   1.0000         dur_5
 22.5000    0    2.700   1.0000          NULL 
 25.2000    1    0.900   1.0000         dur_0
 26.1000    0    2.700   1.0000          NULL 
 28.8000    8    0.900   1.0000         dur_7
 29.7000    0    2.700   1.0000          NULL 
 32.4000    9    0.900   1.0000         dur_8
 33.3000    0    2.700   1.0000          NULL 
 36.0000    9    0.900   1.0000         dur_8
 36.9000    0    2.700   1.0000          NULL 
 39.6000    3    0.900   1.0000         dur_2
 40.5000    0    2.700   1.0000          NULL 
 43.2000    7    0.900   1.0000         dur_6
 44.1000    0    2.700   1.0000          NULL 
 46.8000    6    0.900   1.0000         dur_5
 47.7000    0    4.500   1.0000          NULL 
 52.2000   12    0.900   1.0000        dur_11
 53.1000    0    2.700   1.0000          NULL 
 55.8000    6    0.900   1.0000         dur_5
 56.7000    0    2.700   1.0000          NULL 
 59.4000    4    0.900   1.0000         dur_3
 60.3000    0    2.700   1.0000          NULL 
 63.0000    8    0.900   1.0000         dur_7
 63.9000    0    2.700   1.0000          NULL 
 66.6000    2    0.900   1.0000         dur_1
 67.5000    0    2.700   1.0000          NULL 
 70.2000    4    0.900   1.0000         dur_3
 71.1000    0    2.700   1.0000          NULL 
 73.8000    2    0.900   1.0000         dur_1
 74.7000    0    2.700   1.0000          NULL 
 77.4000    8    0.900   1.0000         dur_7
 78.3000    0    5.400   1.0000          NULL 
 83.7000    3    0.900   1.0000         dur_2
 84.6000    0    6.300   1.0000          NULL 
 90.9000    7    0.900   1.0000         dur_6
 91.8000    0    2.700   1.0000          NULL 
 94.5000    5    0.900   1.0000         dur_4
 95.4000    0    2.700   1.0000          NULL 
 98.1000    9    0.900   1.0000         dur_8
 99.0000    0    3.600   1.0000          NULL 
102.6000    5    0.900   1.0000         dur_4
103.5000    0    2.700   1.0000          NULL 
106.2000    4    0.900   1.0000         dur_3
107.1000    0    2.700   1.0000          NULL 
109.8000    4    0.900   1.0000         dur_3
110.7000    0    3.600   1.0000          NULL 
114.3000   12    0.900   1.0000        dur_11
115.2000    0    2.700   1.0000          NULL 
117.9000    7    0.900   1.0000         dur_6
118.8000    0    2.700   1.0000          NULL 
121.5000    8    0.900   1.0000         dur_7
122.4000    0    2.700   1.0000          NULL 
125.1000    4    0.900   1.0000         dur_3
126.0000    0    2.700   1.0000          NULL 
128.7000    5    0.900   1.0000         dur_4
129.6000    0    2.700   1.0000          NULL 
132.3000    3    0.900   1.0000         dur_2
133.2000    0    2.700   1.0000          NULL 
135.9000   10    0.900   1.0000         dur_9
136.8000    0    3.600   1.0000          NULL 
140.4000    6    0.900   1.0000         dur_5
141.3000    0    2.700   1.0000          NULL 
144.0000    8    0.900   1.0000         dur_7
144.9000    0    2.700   1.0000          NULL 
147.6000    9    0.900   1.0000         dur_8
148.5000    0    2.700   1.0000          NULL 
151.2000    6    0.900   1.0000         dur_5
152.0999    0    2.700   1.0000          NULL 
154.7999    6    0.900   1.0000         dur_5
155.6999    0    2.700   1.0000          NULL 
158.3999    7    0.900   1.0000         dur_6
159.2999    0    5.400   1.0000          NULL 
164.6999   10    0.900   1.0000         dur_9
165.5999    0    2.700   1.0000          NULL 
168.2999   12    0.900   1.0000        dur_11
169.1999    0    2.700   1.0000          NULL 
171.8999    2    0.900   1.0000         dur_1
172.7999    0    6.300   1.0000          NULL 
179.0999    4    0.900   1.0000         dur_3
179.9998    0    2.700   1.0000          NULL 
182.6998    7    0.900   1.0000         dur_6
183.5998    0    2.700   1.0000          NULL 
186.2998   11    0.900   1.0000        dur_10
187.1998    0    2.700   1.0000          NULL 
189.8998    1    0.900   1.0000         dur_0
190.7998    0    4.500   1.0000          NULL 
195.2998    7    0.900   1.0000         dur_6
196.1998    0    3.600   1.0000          NULL 
199.7998   12    0.900   1.0000        dur_11
200.6998    0    2.700   1.0000          NULL 
203.3998    1    0.900   1.0000         dur_0
204.2998    0    3.600   1.0000          NULL 
207.8998    3    0.900   1.0000         dur_2
208.7998    0    5.400   1.0000          NULL 
214.1997   11    0.900   1.0000        dur_10
215.0997    0    2.700   1.0000          NULL 
217.7997   10    0.900   1.0000         dur_9
218.6997    0    2.700   1.0000          NULL 
221.3997    7    0.900   1.0000         dur_6
222.2997    0    2.700   1.0000          NULL 
224.9997    8    0.900   1.0000         dur_7
225.8997    0    2.700   1.0000          NULL 
228.5997    5    0.900   1.0000         dur_4
229.4997    0    2.700   1.0000          NULL 
232.1997   10    0.900   1.0000         dur_9
233.0997    0    2.700   1.0000          NULL 
235.7997    1    0.900   1.0000         dur_0
236.6997    0    2.700   1.0000          NULL 
239.3997    6    0.900   1.0000         dur_5
240.2997    0    3.600   1.0000          NULL 
243.8997    3    0.900   1.0000         dur_2
244.7997    0    2.700   1.0000          NULL 
247.4996   12    0.900   1.0000        dur_11
248.3996    0    2.700   1.0000          NULL 
251.0996   12    0.900   1.0000        dur_11
251.9996    0    2.700   1.0000          NULL 
254.6996    9    0.900   1.0000         dur_8
255.5996    0    2.700   1.0000          NULL 
258.2996    1    0.900   1.0000         dur_0
259.1996    0    2.700   1.0000          NULL 
261.8996   11    0.900   1.0000        dur_10
262.7996    0    4.500   1.0000          NULL 
267.2996    5    0.900   1.0000         dur_4
268.1996    0    2.700   1.0000          NULL 
270.8996   11    0.900   1.0000        dur_10
271.7996    0    2.700   1.0000          NULL 
274.4996   11    0.900   1.0000        dur_10
275.3996    0    3.600   1.0000          NULL 
278.9996    9    0.900   1.0000         dur_8
279.8996    0    2.700   1.0000          NULL 
282.5996   10    0.900   1.0000         dur_9
283.4996    0    2.700   1.0000          NULL 
286.1996    2    0.900   1.0000         dur_1
287.0996    0    2.700   1.0000          NULL 
289.7997    1    0.900   1.0000         dur_0
290.6996    0    2.700   1.0000          NULL 
293.3997   10    0.900   1.0000         dur_9
294.2997    0    2.700   1.0000          NULL 
296.9997   11    0.900   1.0000        dur_10
297.8997    0    3.600   1.0000          NULL 
301.4997   11    0.900   1.0000        dur_10
302.3997    0    2.700   1.0000          NULL 
305.0997    2    0.900   1.0000         dur_1
305.9997    0    2.700   1.0000          NULL 
308.6997    9    0.900   1.0000         dur_8
309.5997    0    2.700   1.0000          NULL 
312.2997   12    0.900   1.0000        dur_11
313.1997    0    3.600   1.0000          NULL 
316.7997    4    0.900   1.0000         dur_3
317.6997    0    2.700   1.0000          NULL 
320.3997    5    0.900   1.0000         dur_4
321.2997    0    2.700   1.0000          NULL 
