  0.0000    3    0.900   1.0000         dur_2
  0.9000    0    2.700   1.0000          NULL 
  3.6000   12    0.900   1.0000        dur_11
  4.5000    0    2.700   1.0000          NULL 
  7.2000    1    0.900   1.0000         dur_0
  8.1000    0    3.600   1.0000          NULL 
 11.7000    1    0.900   1.0000         dur_0
 12.6000    0    2.700   1.0000          NULL 
 15.3000    8    0.900   1.0000         dur_7
 16.2000    0    2.700   1.0000          NULL 
 18.9000    4    0.900   1.0000         dur_3
 19.8000    0    2.700   1.0000          NULL 
 22.5000    6    0.900   1.0000         dur_5
 23.4000    0    2.700   1.0000          NULL 
 26.1000    4    0.900   1.0000         dur_3
 27.0000    0    2.700   1.0000          NULL 
 29.7000    7    0.900   1.0000         dur_6
 30.6000    0    2.700   1.0000          NULL 
 33.3000    6    0.900   1.0000         dur_5
 34.2000    0    4.500   1.0000          NULL 
 38.7000    7    0.900   1.0000         dur_6
 39.6000    0    2.700   1.0000          NULL 
 42.3000   11    0.900   1.0000        dur_10
 43.2000    0    2.700   1.0000          NULL 
 45.9000    5    0.900   1.0000         dur_4
 46.8000    0    2.700   1.0000          NULL 
 49.5000   10    0.900   1.0000         dur_9
 50.4000    0    2.700   1.0000          NULL 
 53.1000    5    0.900   1.0000         dur_4
 54.0000    0    2.700   1.0000          NULL 
 56.7000    2    0.900   1.0000         dur_1
 57.6000    0    2.700   1.0000          NULL 
 60.3000   11    0.900   1.0000        dur_10
 61.2000    0    2.700   1.0000          NULL 
 63.9000    6    0.900   1.0000         dur_5
 64.8000    0    4.500   1.0000          NULL 
 69.3000    6    0.900   1.0000         dur_5
 70.2000    0    2.700   1.0000          NULL 
 72.9000    8    0.900   1.0000         dur_7
 73.8000    0    3.600   1.0000          NULL 
 77.4000    8    0.900   1.0000         dur_7
 78.3000    0    4.500   1.0000          NULL 
 82.8000    5    0.900   1.0000         dur_4
 83.7000    0    2.700   1.0000          NULL 
 86.4000    6    0.900   1.0000         dur_5
 87.3000    0    3.600   1.0000          NULL 
 90.9000   11    0.900   1.0000        dur_10
 91.8000    0    2.700   1.0000          NULL 
 94.5000    9    0.900   1.0000         dur_8
 95.4000    0    2.700   1.0000          NULL 
 98.1000    5    0.900   1.0000         dur_4
 99.0000    0    2.700   1.0000          NULL 
101.7000   12    0.900   1.0000        dur_11
102.6000    0    2.700   1.0000          NULL 
105.3000    7    0.900   1.0000         dur_6
106.2000    0    4.500   1.0000          NULL 
110.7000    9    0.900   1.0000         dur_8
111.6000    0    2.700   1.0000          NULL 
114.3000    1    0.900   1.0000         dur_0
115.2000    0    3.600   1.0000          NULL 
118.8000    2    0.900   1.0000         dur_1
119.7000    0    2.700   1.0000          NULL 
122.4000    7    0.900   1.0000         dur_6
123.3000    0    2.700   1.0000          NULL 
126.0000    8    0.900   1.0000         dur_7
126.9000    0    2.700   1.0000          NULL 
129.6000    8    0.900   1.0000         dur_7
130.5000    0    2.700   1.0000          NULL 
133.2000    7    0.900   1.0000         dur_6
134.1000    0    3.600   1.0000          NULL 
137.7000    7    0.900   1.0000         dur_6
138.6000    0    2.700   1.0000          NULL 
141.3000    2    0.900   1.0000         dur_1
142.2000    0    2.700   1.0000          NULL 
144.9000    4    0.900   1.0000         dur_3
145.8000    0    2.700   1.0000          NULL 
148.5000   12    0.900   1.0000        dur_11
149.3999    0    2.700   1.0000          NULL 
152.0999    3    0.900   1.0000         dur_2
152.9999    0    2.700   1.0000          NULL 
155.6999   10    0.900   1.0000         dur_9
156.5999    0    3.600   1.0000          NULL 
160.1999    3    0.900   1.0000         dur_2
161.0999    0    2.700   1.0000          NULL 
163.7999    7    0.900   1.0000         dur_6
164.6999    0    2.700   1.0000          NULL 
167.3999    9    0.900   1.0000         dur_8
168.2999    0    3.600   1.0000          NULL 
171.8999    4    0.900   1.0000         dur_3
172.7999    0    2.700   1.0000          NULL 
175.4999    9    0.900   1.0000         dur_8
176.3999    0    2.700   1.0000          NULL 
179.0999    5    0.900   1.0000         dur_4
179.9999    0    2.700   1.0000          NULL 
182.6999    3    0.900   1.0000         dur_2
183.5999    0    2.700   1.0000          NULL 
186.2999    9    0.900   1.0000         dur_8
187.1998    0    2.700   1.0000          NULL 
189.8998   10    0.900   1.0000         dur_9
190.7998    0    2.700   1.0000          NULL 
193.4998   10    0.900   1.0000         dur_9
194.3998    0    4.500   1.0000          NULL 
198.8998   10    0.900   1.0000         dur_9
199.7998    0    2.700   1.0000          NULL 
202.4998    1    0.900   1.0000         dur_0
203.3998    0    2.700   1.0000          NULL 
206.0998    3    0.900   1.0000         dur_2
206.9998    0    2.700   1.0000          NULL 
209.6998    8    0.900   1.0000         dur_7
210.5998    0    2.700   1.0000          NULL 
213.2998    2    0.900   1.0000         dur_1
214.1998    0    2.700   1.0000          NULL 
216.8998   10    0.900   1.0000         dur_9
217.7998    0    3.600   1.0000          NULL 
221.3997    9    0.900   1.0000         dur_8
222.2997    0    2.700   1.0000          NULL 
224.9997    3    0.900   1.0000         dur_2
225.8997    0    3.600   1.0000          NULL 
229.4997   12    0.900   1.0000        dur_11
230.3997    0    2.700   1.0000          NULL 
233.0997    4    0.900   1.0000         dur_3
233.9997    0    3.600   1.0000          NULL 
237.5997    5    0.900   1.0000         dur_4
238.4997    0    2.700   1.0000          NULL 
241.1997   11    0.900   1.0000        dur_10
242.0997    0    2.700   1.0000          NULL 
244.7997   10    0.900   1.0000         dur_9
245.6997    0    3.600   1.0000          NULL 
249.2997   11    0.900   1.0000        dur_10
250.1997    0    4.500   1.0000          NULL 
254.6996    2    0.900   1.0000         dur_1
255.5996    0    2.700   1.0000          NULL 
258.2997    3    0.900   1.0000         dur_2
259.1996    0    2.700   1.0000          NULL 
261.8997    1    0.900   1.0000         dur_0
262.7997    0    3.600   1.0000          NULL 
266.3997   11    0.900   1.0000        dur_10
267.2997    0    2.700   1.0000          NULL 
269.9997    4    0.900   1.0000         dur_3
270.8997    0    2.700   1.0000          NULL 
273.5997    4    0.900   1.0000         dur_3
274.4997    0    2.700   1.0000          NULL 
277.1997   11    0.900   1.0000        dur_10
278.0997    0    2.700   1.0000          NULL 
280.7997   12    0.900   1.0000        dur_11
281.6997    0    2.700   1.0000          NULL 
284.3997    6    0.900   1.0000         dur_5
285.2997    0    2.700   1.0000          NULL 
287.9997    1    0.900   1.0000         dur_0
288.8997    0    5.400   1.0000          NULL 
294.2997    6    0.900   1.0000         dur_5
295.1997    0    2.700   1.0000          NULL 
297.8997   12    0.900   1.0000        dur_11
298.7997    0    3.600   1.0000          NULL 
302.3997    8    0.900   1.0000         dur_7
303.2997    0    2.700   1.0000          NULL 
305.9997    5    0.900   1.0000         dur_4
306.8997    0    6.300   1.0000          NULL 
313.1997   12    0.900   1.0000        dur_11
314.0997    0    2.700   1.0000          NULL 
316.7997    9    0.900   1.0000         dur_8
317.6997    0    2.700   1.0000          NULL 
320.3997    2    0.900   1.0000         dur_1
321.2997    0    2.700   1.0000          NULL 
