  0.0000    5    0.900   1.0000         dur_4
  0.9000    0    2.700   1.0000          NULL 
  3.6000   11    0.900   1.0000        dur_10
  4.5000    0    2.700   1.0000          NULL 
  7.2000    1    0.900   1.0000         dur_0
  8.1000    0    6.300   1.0000          NULL 
 14.4000   12    0.900   1.0000        dur_11
 15.3000    0    2.700   1.0000          NULL 
 18.0000    6    0.900   1.0000         dur_5
 18.9000    0    2.700   1.0000          NULL 
 21.6000    5    0.900   1.0000         dur_4
 22.5000    0    2.700   1.0000          NULL 
 25.2000    5    0.900   1.0000         dur_4
 26.1000    0    2.700   1.0000          NULL 
 28.8000    9    0.900   1.0000         dur_8
 29.7000    0    6.300   1.0000          NULL 
 36.0000    7    0.900   1.0000         dur_6
 36.9000    0    2.700   1.0000          NULL 
 39.6000    1    0.900   1.0000         dur_0
 40.5000    0    2.700   1.0000          NULL 
 43.2000    4    0.900   1.0000         dur_3
 44.1000    0    2.700   1.0000          NULL 
 46.8000   10    0.900   1.0000         dur_9
 47.7000    0    2.700   1.0000          NULL 
 50.4000   10    0.900   1.0000         dur_9
 51.3000    0    2.700   1.0000          NULL 
 54.0000    7    0.900   1.0000         dur_6
 54.9000    0    3.600   1.0000          NULL 
 58.5000    5    0.900   1.0000         dur_4
 59.4000    0    3.600   1.0000          NULL 
 63.0000   11    0.900   1.0000        dur_10
 63.9000    0    5.400   1.0000          NULL 
 69.3000    9    0.900   1.0000         dur_8
 70.2000    0    2.700   1.0000          NULL 
 72.9000   10    0.900   1.0000         dur_9
 73.8000    0    2.700   1.0000          NULL 
 76.5000    2    0.900   1.0000         dur_1
 77.4000    0    2.700   1.0000          NULL 
 80.1000    5    0.900   1.0000         dur_4
 81.0000    0    2.700   1.0000          NULL 
 83.7000    2    0.900   1.0000         dur_1
 84.6000    0    2.700   1.0000          NULL 
 87.3000   12    0.900   1.0000        dur_11
 88.2000    0    3.600   1.0000          NULL 
 91.8000   12    0.900   1.0000        dur_11
 92.7000    0    4.500   1.0000          NULL 
 97.2000    9    0.900   1.0000         dur_8
 98.1000    0    3.600   1.0000          NULL 
101.7000   11    0.900   1.0000        dur_10
102.6000    0    2.700   1.0000          NULL 
105.3000    7    0.900   1.0000         dur_6
106.2000    0    2.700   1.0000          NULL 
108.9000    7    0.900   1.0000         dur_6
109.8000    0    3.600   1.0000          NULL 
113.4000    8    0.900   1.0000         dur_7
114.3000    0    2.700   1.0000          NULL 
117.0000    4    0.900   1.0000         dur_3
117.9000    0    2.700   1.0000          NULL 
120.6000    1    0.900   1.0000         dur_0
121.5000    0    2.700   1.0000          NULL 
124.2000    1    0.900   1.0000         dur_0
125.1000    0    2.700   1.0000          NULL 
127.8000    9    0.900   1.0000         dur_8
128.7000    0    2.700   1.0000          NULL 
131.4000    6    0.900   1.0000         dur_5
132.3000    0    2.700   1.0000          NULL 
135.0000    6    0.900   1.0000         dur_5
135.9000    0    4.500   1.0000          NULL 
140.4000   11    0.900   1.0000        dur_10
141.3000    0    2.700   1.0000          NULL 
144.0000    8    0.900   1.0000         dur_7
144.9000    0    2.700   1.0000          NULL 
147.6000    8    0.900   1.0000         dur_7
148.5000    0    2.700   1.0000          NULL 
151.2000   12    0.900   1.0000        dur_11
152.0999    0    2.700   1.0000          NULL 
154.7999    4    0.900   1.0000         dur_3
155.6999    0    2.700   1.0000          NULL 
158.3999    3    0.900   1.0000         dur_2
159.2999    0    2.700   1.0000          NULL 
161.9999   12    0.900   1.0000        dur_11
162.8999    0    2.700   1.0000          NULL 
165.5999    2    0.900   1.0000         dur_1
166.4999    0    3.600   1.0000          NULL 
170.0999    4    0.900   1.0000         dur_3
170.9999    0    2.700   1.0000          NULL 
173.6999    9    0.900   1.0000         dur_8
174.5999    0    2.700   1.0000          NULL 
177.2999    4    0.900   1.0000         dur_3
178.1999    0    2.700   1.0000          NULL 
180.8999    5    0.900   1.0000         dur_4
181.7999    0    4.500   1.0000          NULL 
186.2999    3    0.900   1.0000         dur_2
187.1998    0    2.700   1.0000          NULL 
189.8998    7    0.900   1.0000         dur_6
190.7998    0    2.700   1.0000          NULL 
193.4998    7    0.900   1.0000         dur_6
194.3998    0    6.300   1.0000          NULL 
200.6998    6    0.900   1.0000         dur_5
201.5998    0    2.700   1.0000          NULL 
204.2998   12    0.900   1.0000        dur_11
205.1998    0    2.700   1.0000          NULL 
207.8998   12    0.900   1.0000        dur_11
208.7998    0    2.700   1.0000          NULL 
211.4998    1    0.900   1.0000         dur_0
212.3998    0    3.600   1.0000          NULL 
215.9998    8    0.900   1.0000         dur_7
216.8997    0    2.700   1.0000          NULL 
219.5997    8    0.900   1.0000         dur_7
220.4997    0    2.700   1.0000          NULL 
223.1997   10    0.900   1.0000         dur_9
224.0997    0    2.700   1.0000          NULL 
226.7997    4    0.900   1.0000         dur_3
227.6997    0    2.700   1.0000          NULL 
230.3997    4    0.900   1.0000         dur_3
231.2997    0    2.700   1.0000          NULL 
233.9997   11    0.900   1.0000        dur_10
234.8997    0    2.700   1.0000          NULL 
237.5997    3    0.900   1.0000         dur_2
238.4997    0    2.700   1.0000          NULL 
241.1997   10    0.900   1.0000         dur_9
242.0997    0    2.700   1.0000          NULL 
244.7997    3    0.900   1.0000         dur_2
245.6997    0    2.700   1.0000          NULL 
248.3997   11    0.900   1.0000        dur_10
249.2997    0    2.700   1.0000          NULL 
251.9997    7    0.900   1.0000         dur_6
252.8997    0    2.700   1.0000          NULL 
255.5997   10    0.900   1.0000         dur_9
256.4997    0    2.700   1.0000          NULL 
259.1997    5    0.900   1.0000         dur_4
260.0997    0    3.600   1.0000          NULL 
263.6997    6    0.900   1.0000         dur_5
264.5997    0    2.700   1.0000          NULL 
267.2997    2    0.900   1.0000         dur_1
268.1997    0    2.700   1.0000          NULL 
270.8997    3    0.900   1.0000         dur_2
271.7997    0    2.700   1.0000          NULL 
274.4997    9    0.900   1.0000         dur_8
275.3997    0    2.700   1.0000          NULL 
278.0997    8    0.900   1.0000         dur_7
278.9997    0    2.700   1.0000          NULL 
281.6997    3    0.900   1.0000         dur_2
282.5997    0    2.700   1.0000          NULL 
285.2997   11    0.900   1.0000        dur_10
286.1997    0    2.700   1.0000          NULL 
288.8997   10    0.900   1.0000         dur_9
289.7997    0    3.600   1.0000          NULL 
293.3997    6    0.900   1.0000         dur_5
294.2997    0    2.700   1.0000          NULL 
296.9997    6    0.900   1.0000         dur_5
297.8997    0    2.700   1.0000          NULL 
300.5997    1    0.900   1.0000         dur_0
301.4997    0    2.700   1.0000          NULL 
304.1997    8    0.900   1.0000         dur_7
305.0997    0    3.600   1.0000          NULL 
308.6997    2    0.900   1.0000         dur_1
309.5997    0    2.700   1.0000          NULL 
312.2997    9    0.900   1.0000         dur_8
313.1997    0    3.600   1.0000          NULL 
316.7997    3    0.900   1.0000         dur_2
317.6997    0    2.700   1.0000          NULL 
320.3997    2    0.900   1.0000         dur_1
321.2997    0    2.700   1.0000          NULL 
