  0.0000    4    0.900   1.0000         dur_3
  0.9000    0    3.600   1.0000          NULL 
  4.5000    5    0.900   1.0000         dur_4
  5.4000    0    2.700   1.0000          NULL 
  8.1000    4    0.900   1.0000         dur_3
  9.0000    0    2.700   1.0000          NULL 
 11.7000    7    0.900   1.0000         dur_6
 12.6000    0    2.700   1.0000          NULL 
 15.3000    3    0.900   1.0000         dur_2
 16.2000    0    2.700   1.0000          NULL 
 18.9000    6    0.900   1.0000         dur_5
 19.8000    0    5.400   1.0000          NULL 
 25.2000    6    0.900   1.0000         dur_5
 26.1000    0    2.700   1.0000          NULL 
 28.8000    6    0.900   1.0000         dur_5
 29.7000    0    2.700   1.0000          NULL 
 32.4000   10    0.900   1.0000         dur_9
 33.3000    0    2.700   1.0000          NULL 
 36.0000   12    0.900   1.0000        dur_11
 36.9000    0    2.700   1.0000          NULL 
 39.6000   10    0.900   1.0000         dur_9
 40.5000    0    2.700   1.0000          NULL 
 43.2000    7    0.900   1.0000         dur_6
 44.1000    0    2.700   1.0000          NULL 
 46.8000   12    0.900   1.0000        dur_11
 47.7000    0    2.700   1.0000          NULL 
 50.4000    4    0.900   1.0000         dur_3
 51.3000    0    2.700   1.0000          NULL 
 54.0000    6    0.900   1.0000         dur_5
 54.9000    0    2.700   1.0000          NULL 
 57.6000    7    0.900   1.0000         dur_6
 58.5000    0    3.600   1.0000          NULL 
 62.1000    9    0.900   1.0000         dur_8
 63.0000    0    2.700   1.0000          NULL 
 65.7000    6    0.900   1.0000         dur_5
 66.6000    0    2.700   1.0000          NULL 
 69.3000    4    0.900   1.0000         dur_3
 70.2000    0    3.600   1.0000          NULL 
 73.8000   10    0.900   1.0000         dur_9
 74.7000    0    2.700   1.0000          NULL 
 77.4000    1    0.900   1.0000         dur_0
 78.3000    0    2.700   1.0000          NULL 
 81.0000    4    0.900   1.0000         dur_3
 81.9000    0    2.700   1.0000          NULL 
 84.6000    3    0.900   1.0000         dur_2
 85.5000    0    2.700   1.0000          NULL 
 88.2000   11    0.900   1.0000        dur_10
 89.1000    0    2.700   1.0000          NULL 
 91.8000    1    0.900   1.0000         dur_0
 92.7000    0    3.600   1.0000          NULL 
 96.3000    2    0.900   1.0000         dur_1
 97.2000    0    2.700   1.0000          NULL 
 99.9000   11    0.900   1.0000        dur_10
100.8000    0    2.700   1.0000          NULL 
103.5000    8    0.900   1.0000         dur_7
104.4000    0    2.700   1.0000          NULL 
107.1000    8    0.900   1.0000         dur_7
108.0000    0    2.700   1.0000          NULL 
110.7000    7    0.900   1.0000         dur_6
111.6000    0    2.700   1.0000          NULL 
114.3000    8    0.900   1.0000         dur_7
115.2000    0    2.700   1.0000          NULL 
117.9000    5    0.900   1.0000         dur_4
118.8000    0    2.700   1.0000          NULL 
121.5000    3    0.900   1.0000         dur_2
122.4000    0    3.600   1.0000          NULL 
126.0000   10    0.900   1.0000         dur_9
126.9000    0    2.700   1.0000          NULL 
129.6000    9    0.900   1.0000         dur_8
130.5000    0    2.700   1.0000          NULL 
133.2000    7    0.900   1.0000         dur_6
134.1000    0    3.600   1.0000          NULL 
137.7000   11    0.900   1.0000        dur_10
138.6000    0    4.500   1.0000          NULL 
143.1000   12    0.900   1.0000        dur_11
144.0000    0    2.700   1.0000          NULL 
146.7000    2    0.900   1.0000         dur_1
147.5999    0    5.400   1.0000          NULL 
152.9999   11    0.900   1.0000        dur_10
153.8999    0    2.700   1.0000          NULL 
156.5999    3    0.900   1.0000         dur_2
157.4999    0    3.600   1.0000          NULL 
161.0999    7    0.900   1.0000         dur_6
161.9999    0    2.700   1.0000          NULL 
164.6999    1    0.900   1.0000         dur_0
165.5999    0    2.700   1.0000          NULL 
168.2999   12    0.900   1.0000        dur_11
169.1999    0    2.700   1.0000          NULL 
171.8999    9    0.900   1.0000         dur_8
172.7999    0    2.700   1.0000          NULL 
175.4999    9    0.900   1.0000         dur_8
176.3999    0    5.400   1.0000          NULL 
181.7998    1    0.900   1.0000         dur_0
182.6998    0    2.700   1.0000          NULL 
185.3998   10    0.900   1.0000         dur_9
186.2998    0    3.600   1.0000          NULL 
189.8998    2    0.900   1.0000         dur_1
190.7998    0    3.600   1.0000          NULL 
194.3998    6    0.900   1.0000         dur_5
195.2998    0    2.700   1.0000          NULL 
197.9998   11    0.900   1.0000        dur_10
198.8998    0    2.700   1.0000          NULL 
201.5998   10    0.900   1.0000         dur_9
202.4998    0    3.600   1.0000          NULL 
206.0998    5    0.900   1.0000         dur_4
206.9998    0    2.700   1.0000          NULL 
209.6998   12    0.900   1.0000        dur_11
210.5997    0    2.700   1.0000          NULL 
213.2997    1    0.900   1.0000         dur_0
214.1997    0    2.700   1.0000          NULL 
216.8997    5    0.900   1.0000         dur_4
217.7997    0    2.700   1.0000          NULL 
220.4997   11    0.900   1.0000        dur_10
221.3997    0    3.600   1.0000          NULL 
224.9997    8    0.900   1.0000         dur_7
225.8997    0    2.700   1.0000          NULL 
228.5997    9    0.900   1.0000         dur_8
229.4997    0    2.700   1.0000          NULL 
232.1997    4    0.900   1.0000         dur_3
233.0997    0    2.700   1.0000          NULL 
235.7997    2    0.900   1.0000         dur_1
236.6997    0    3.600   1.0000          NULL 
240.2997    7    0.900   1.0000         dur_6
241.1997    0    2.700   1.0000          NULL 
243.8997    4    0.900   1.0000         dur_3
244.7997    0    2.700   1.0000          NULL 
247.4996   11    0.900   1.0000        dur_10
248.3996    0    2.700   1.0000          NULL 
251.0996    2    0.900   1.0000         dur_1
251.9996    0    2.700   1.0000          NULL 
254.6996    8    0.900   1.0000         dur_7
255.5996    0    2.700   1.0000          NULL 
258.2996    2    0.900   1.0000         dur_1
259.1996    0    2.700   1.0000          NULL 
261.8996    1    0.900   1.0000         dur_0
262.7996    0    5.400   1.0000          NULL 
268.1996    5    0.900   1.0000         dur_4
269.0996    0    2.700   1.0000          NULL 
271.7996    5    0.900   1.0000         dur_4
272.6996    0    2.700   1.0000          NULL 
275.3996    8    0.900   1.0000         dur_7
276.2996    0    2.700   1.0000          NULL 
278.9996    3    0.900   1.0000         dur_2
279.8996    0    2.700   1.0000          NULL 
282.5996    5    0.900   1.0000         dur_4
283.4996    0    3.600   1.0000          NULL 
287.0996    9    0.900   1.0000         dur_8
287.9996    0    2.700   1.0000          NULL 
290.6996   12    0.900   1.0000        dur_11
291.5996    0    6.300   1.0000          NULL 
297.8996   12    0.900   1.0000        dur_11
298.7996    0    2.700   1.0000          NULL 
301.4996    8    0.900   1.0000         dur_7
302.3996    0    2.700   1.0000          NULL 
305.0996    6    0.900   1.0000         dur_5
305.9996    0    2.700   1.0000          NULL 
308.6996    3    0.900   1.0000         dur_2
309.5996    0    2.700   1.0000          NULL 
312.2997    3    0.900   1.0000         dur_2
313.1996    0    2.700   1.0000          NULL 
315.8997   10    0.900   1.0000         dur_9
316.7997    0    3.600   1.0000          NULL 
320.3997    9    0.900   1.0000         dur_8
321.2997    0    2.700   1.0000          NULL 
