  0.0000   10    0.900   1.0000         dur_9
  0.9000    0    2.700   1.0000          NULL 
  3.6000    9    0.900   1.0000         dur_8
  4.5000    0    2.700   1.0000          NULL 
  7.2000    2    0.900   1.0000         dur_1
  8.1000    0    6.300   1.0000          NULL 
 14.4000    3    0.900   1.0000         dur_2
 15.3000    0    3.600   1.0000          NULL 
 18.9000    4    0.900   1.0000         dur_3
 19.8000    0    2.700   1.0000          NULL 
 22.5000    5    0.900   1.0000         dur_4
 23.4000    0    2.700   1.0000          NULL 
 26.1000    3    0.900   1.0000         dur_2
 27.0000    0    2.700   1.0000          NULL 
 29.7000   12    0.900   1.0000        dur_11
 30.6000    0    2.700   1.0000          NULL 
 33.3000    3    0.900   1.0000         dur_2
 34.2000    0    2.700   1.0000          NULL 
 36.9000    7    0.900   1.0000         dur_6
 37.8000    0    3.600   1.0000          NULL 
 41.4000    2    0.900   1.0000         dur_1
 42.3000    0    4.500   1.0000          NULL 
 46.8000   11    0.900   1.0000        dur_10
 47.7000    0    3.600   1.0000          NULL 
 51.3000    8    0.900   1.0000         dur_7
 52.2000    0    2.700   1.0000          NULL 
 54.9000    8    0.900   1.0000         dur_7
 55.8000    0    2.700   1.0000          NULL 
 58.5000    4    0.900   1.0000         dur_3
 59.4000    0    3.600   1.0000          NULL 
 63.0000    9    0.900   1.0000         dur_8
 63.9000    0    2.700   1.0000          NULL 
 66.6000    8    0.900   1.0000         dur_7
 67.5000    0    2.700   1.0000          NULL 
 70.2000    6    0.900   1.0000         dur_5
 71.1000    0    2.700   1.0000          NULL 
 73.8000    5    0.900   1.0000         dur_4
 74.7000    0    2.700   1.0000          NULL 
 77.4000    5    0.900   1.0000         dur_4
 78.3000    0    2.700   1.0000          NULL 
 81.0000    4    0.900   1.0000         dur_3
 81.9000    0    2.700   1.0000          NULL 
 84.6000    3    0.900   1.0000         dur_2
 85.5000    0    2.700   1.0000          NULL 
 88.2000    5    0.900   1.0000         dur_4
 89.1000    0    5.400   1.0000          NULL 
 94.5000    1    0.900   1.0000         dur_0
 95.4000    0    2.700   1.0000          NULL 
 98.1000    3    0.900   1.0000         dur_2
 99.0000    0    3.600   1.0000          NULL 
102.6000    5    0.900   1.0000         dur_4
103.5000    0    2.700   1.0000          NULL 
106.2000    6    0.900   1.0000         dur_5
107.1000    0    3.600   1.0000          NULL 
110.7000    1    0.900   1.0000         dur_0
111.6000    0    4.500   1.0000          NULL 
116.1000    6    0.900   1.0000         dur_5
117.0000    0    2.700   1.0000          NULL 
119.7000    6    0.900   1.0000         dur_5
120.6000    0    2.700   1.0000          NULL 
123.3000    3    0.900   1.0000         dur_2
124.2000    0    2.700   1.0000          NULL 
126.9000   11    0.900   1.0000        dur_10
127.8000    0    2.700   1.0000          NULL 
130.5000    8    0.900   1.0000         dur_7
131.4000    0    2.700   1.0000          NULL 
134.1000   12    0.900   1.0000        dur_11
135.0000    0    2.700   1.0000          NULL 
137.7000    9    0.900   1.0000         dur_8
138.6000    0    3.600   1.0000          NULL 
142.2000    4    0.900   1.0000         dur_3
143.1000    0    2.700   1.0000          NULL 
145.8000    2    0.900   1.0000         dur_1
146.7000    0    2.700   1.0000          NULL 
149.4000    7    0.900   1.0000         dur_6
150.3000    0    2.700   1.0000          NULL 
153.0000    8    0.900   1.0000         dur_7
153.8999    0    2.700   1.0000          NULL 
156.5999    7    0.900   1.0000         dur_6
157.4999    0    2.700   1.0000          NULL 
160.1999    7    0.900   1.0000         dur_6
161.0999    0    4.500   1.0000          NULL 
165.5999    1    0.900   1.0000         dur_0
166.4999    0    2.700   1.0000          NULL 
169.1999    4    0.900   1.0000         dur_3
170.0999    0    2.700   1.0000          NULL 
172.7999    1    0.900   1.0000         dur_0
173.6999    0    2.700   1.0000          NULL 
176.3999   12    0.900   1.0000        dur_11
177.2999    0    2.700   1.0000          NULL 
179.9999    6    0.900   1.0000         dur_5
180.8999    0    2.700   1.0000          NULL 
183.5999   10    0.900   1.0000         dur_9
184.4999    0    2.700   1.0000          NULL 
187.1999    3    0.900   1.0000         dur_2
188.0999    0    2.700   1.0000          NULL 
190.7999    9    0.900   1.0000         dur_8
191.6998    0    2.700   1.0000          NULL 
194.3998    4    0.900   1.0000         dur_3
195.2998    0    2.700   1.0000          NULL 
197.9998   12    0.900   1.0000        dur_11
198.8998    0    5.400   1.0000          NULL 
204.2998   10    0.900   1.0000         dur_9
205.1998    0    3.600   1.0000          NULL 
208.7998   11    0.900   1.0000        dur_10
209.6998    0    2.700   1.0000          NULL 
212.3998    9    0.900   1.0000         dur_8
213.2998    0    2.700   1.0000          NULL 
215.9998    1    0.900   1.0000         dur_0
216.8998    0    2.700   1.0000          NULL 
219.5998    2    0.900   1.0000         dur_1
220.4998    0    2.700   1.0000          NULL 
223.1998    4    0.900   1.0000         dur_3
224.0997    0    2.700   1.0000          NULL 
226.7997    8    0.900   1.0000         dur_7
227.6997    0    2.700   1.0000          NULL 
230.3997    2    0.900   1.0000         dur_1
231.2997    0    2.700   1.0000          NULL 
233.9997   10    0.900   1.0000         dur_9
234.8997    0    3.600   1.0000          NULL 
238.4997    5    0.900   1.0000         dur_4
239.3997    0    2.700   1.0000          NULL 
242.0997    1    0.900   1.0000         dur_0
242.9997    0    2.700   1.0000          NULL 
245.6997    9    0.900   1.0000         dur_8
246.5997    0    2.700   1.0000          NULL 
249.2997   11    0.900   1.0000        dur_10
250.1997    0    2.700   1.0000          NULL 
252.8997   11    0.900   1.0000        dur_10
253.7997    0    6.300   1.0000          NULL 
260.0996   11    0.900   1.0000        dur_10
260.9996    0    2.700   1.0000          NULL 
263.6996    7    0.900   1.0000         dur_6
264.5996    0    2.700   1.0000          NULL 
267.2997    5    0.900   1.0000         dur_4
268.1996    0    2.700   1.0000          NULL 
270.8997   10    0.900   1.0000         dur_9
271.7997    0    3.600   1.0000          NULL 
275.3997    7    0.900   1.0000         dur_6
276.2997    0    2.700   1.0000          NULL 
278.9997   10    0.900   1.0000         dur_9
279.8997    0    2.700   1.0000          NULL 
282.5997   12    0.900   1.0000        dur_11
283.4997    0    2.700   1.0000          NULL 
286.1997    8    0.900   1.0000         dur_7
287.0997    0    2.700   1.0000          NULL 
289.7997   10    0.900   1.0000         dur_9
290.6997    0    3.600   1.0000          NULL 
294.2997   11    0.900   1.0000        dur_10
295.1997    0    2.700   1.0000          NULL 
297.8997    6    0.900   1.0000         dur_5
298.7997    0    3.600   1.0000          NULL 
302.3997    6    0.900   1.0000         dur_5
303.2997    0    2.700   1.0000          NULL 
305.9997   12    0.900   1.0000        dur_11
306.8997    0    2.700   1.0000          NULL 
309.5997    2    0.900   1.0000         dur_1
310.4997    0    2.700   1.0000          NULL 
313.1997   12    0.900   1.0000        dur_11
314.0997    0    2.700   1.0000          NULL 
316.7997    7    0.900   1.0000         dur_6
317.6997    0    2.700   1.0000          NULL 
320.3997    9    0.900   1.0000         dur_8
321.2997    0    2.700   1.0000          NULL 
