  0.0000    2    0.900   1.0000         dur_1
  0.9000    0    2.700   1.0000          NULL 
  3.6000    2    0.900   1.0000         dur_1
  4.5000    0    2.700   1.0000          NULL 
  7.2000    9    0.900   1.0000         dur_8
  8.1000    0    2.700   1.0000          NULL 
 10.8000   10    0.900   1.0000         dur_9
 11.7000    0    2.700   1.0000          NULL 
 14.4000    5    0.900   1.0000         dur_4
 15.3000    0    2.700   1.0000          NULL 
 18.0000    5    0.900   1.0000         dur_4
 18.9000    0    2.700   1.0000          NULL 
 21.6000    1    0.900   1.0000         dur_0
 22.5000    0    3.600   1.0000          NULL 
 26.1000    7    0.900   1.0000         dur_6
 27.0000    0    2.700   1.0000          NULL 
 29.7000    3    0.900   1.0000         dur_2
 30.6000    0    3.600   1.0000          NULL 
 34.2000    8    0.900   1.0000         dur_7
 35.1000    0    2.700   1.0000          NULL 
 37.8000    4    0.900   1.0000         dur_3
 38.7000    0    3.600   1.0000          NULL 
 42.3000    2    0.900   1.0000         dur_1
 43.2000    0    2.700   1.0000          NULL 
 45.9000    6    0.900   1.0000         dur_5
 46.8000    0    2.700   1.0000          NULL 
 49.5000    5    0.900   1.0000         dur_4
 50.4000    0    2.700   1.0000          NULL 
 53.1000    9    0.900   1.0000         dur_8
 54.0000    0    2.700   1.0000          NULL 
 56.7000   12    0.900   1.0000        dur_11
 57.6000    0    2.700   1.0000          NULL 
 60.3000   11    0.900   1.0000        dur_10
 61.2000    0    3.600   1.0000          NULL 
 64.8000    5    0.900   1.0000         dur_4
 65.7000    0    2.700   1.0000          NULL 
 68.4000    8    0.900   1.0000         dur_7
 69.3000    0    4.500   1.0000          NULL 
 73.8000    8    0.900   1.0000         dur_7
 74.7000    0    2.700   1.0000          NULL 
 77.4000    9    0.900   1.0000         dur_8
 78.3000    0    2.700   1.0000          NULL 
 81.0000    7    0.900   1.0000         dur_6
 81.9000    0    3.600   1.0000          NULL 
 85.5000    1    0.900   1.0000         dur_0
 86.4000    0    2.700   1.0000          NULL 
 89.1000    5    0.900   1.0000         dur_4
 90.0000    0    2.700   1.0000          NULL 
 92.7000   12    0.900   1.0000        dur_11
 93.6000    0    2.700   1.0000          NULL 
 96.3000    3    0.900   1.0000         dur_2
 97.2000    0    2.700   1.0000          NULL 
 99.9000   11    0.900   1.0000        dur_10
100.8000    0    2.700   1.0000          NULL 
103.5000    3    0.900   1.0000         dur_2
104.4000    0    2.700   1.0000          NULL 
107.1000   10    0.900   1.0000         dur_9
108.0000    0    2.700   1.0000          NULL 
110.7000    2    0.900   1.0000         dur_1
111.6000    0    4.500   1.0000          NULL 
116.1000   11    0.900   1.0000        dur_10
117.0000    0    2.700   1.0000          NULL 
119.7000    7    0.900   1.0000         dur_6
120.6000    0    4.500   1.0000          NULL 
125.1000    6    0.900   1.0000         dur_5
126.0000    0    2.700   1.0000          NULL 
128.7000   12    0.900   1.0000        dur_11
129.6000    0    3.600   1.0000          NULL 
133.2000   10    0.900   1.0000         dur_9
134.1000    0    2.700   1.0000          NULL 
136.8000    7    0.900   1.0000         dur_6
137.7000    0    2.700   1.0000          NULL 
140.4000    5    0.900   1.0000         dur_4
141.3000    0    3.600   1.0000          NULL 
144.9000    7    0.900   1.0000         dur_6
145.8000    0    4.500   1.0000          NULL 
150.2999    9    0.900   1.0000         dur_8
151.1999    0    2.700   1.0000          NULL 
153.8999    1    0.900   1.0000         dur_0
154.7999    0    2.700   1.0000          NULL 
157.4999    6    0.900   1.0000         dur_5
158.3999    0    2.700   1.0000          NULL 
161.0999   11    0.900   1.0000        dur_10
161.9999    0    2.700   1.0000          NULL 
164.6999    4    0.900   1.0000         dur_3
165.5999    0    2.700   1.0000          NULL 
168.2999    4    0.900   1.0000         dur_3
169.1999    0    2.700   1.0000          NULL 
171.8999    3    0.900   1.0000         dur_2
172.7999    0    4.500   1.0000          NULL 
177.2999    9    0.900   1.0000         dur_8
178.1999    0    5.400   1.0000          NULL 
183.5998   11    0.900   1.0000        dur_10
184.4998    0    2.700   1.0000          NULL 
187.1998   10    0.900   1.0000         dur_9
188.0998    0    2.700   1.0000          NULL 
190.7998    6    0.900   1.0000         dur_5
191.6998    0    2.700   1.0000          NULL 
194.3998   10    0.900   1.0000         dur_9
195.2998    0    2.700   1.0000          NULL 
197.9998   10    0.900   1.0000         dur_9
198.8998    0    2.700   1.0000          NULL 
201.5998    1    0.900   1.0000         dur_0
202.4998    0    2.700   1.0000          NULL 
205.1998   12    0.900   1.0000        dur_11
206.0998    0    2.700   1.0000          NULL 
208.7998    9    0.900   1.0000         dur_8
209.6998    0    2.700   1.0000          NULL 
212.3998    9    0.900   1.0000         dur_8
213.2998    0    2.700   1.0000          NULL 
215.9998   12    0.900   1.0000        dur_11
216.8997    0    2.700   1.0000          NULL 
219.5997    6    0.900   1.0000         dur_5
220.4997    0    2.700   1.0000          NULL 
223.1997    1    0.900   1.0000         dur_0
224.0997    0    2.700   1.0000          NULL 
226.7997    3    0.900   1.0000         dur_2
227.6997    0    2.700   1.0000          NULL 
230.3997    3    0.900   1.0000         dur_2
231.2997    0    3.600   1.0000          NULL 
234.8997   11    0.900   1.0000        dur_10
235.7997    0    2.700   1.0000          NULL 
238.4997    8    0.900   1.0000         dur_7
239.3997    0    2.700   1.0000          NULL 
242.0997   10    0.900   1.0000         dur_9
242.9997    0    2.700   1.0000          NULL 
245.6997    6    0.900   1.0000         dur_5
246.5997    0    2.700   1.0000          NULL 
249.2997   11    0.900   1.0000        dur_10
250.1997    0    2.700   1.0000          NULL 
252.8997    2    0.900   1.0000         dur_1
253.7997    0    4.500   1.0000          NULL 
258.2997    7    0.900   1.0000         dur_6
259.1996    0    2.700   1.0000          NULL 
261.8997    4    0.900   1.0000         dur_3
262.7997    0    4.500   1.0000          NULL 
267.2997    4    0.900   1.0000         dur_3
268.1996    0    2.700   1.0000          NULL 
270.8997    8    0.900   1.0000         dur_7
271.7997    0    2.700   1.0000          NULL 
274.4997    1    0.900   1.0000         dur_0
275.3997    0    3.600   1.0000          NULL 
278.9997   12    0.900   1.0000        dur_11
279.8997    0    2.700   1.0000          NULL 
282.5997    8    0.900   1.0000         dur_7
283.4997    0    3.600   1.0000          NULL 
287.0997    2    0.900   1.0000         dur_1
287.9997    0    2.700   1.0000          NULL 
290.6997    5    0.900   1.0000         dur_4
291.5997    0    4.500   1.0000          NULL 
296.0997    4    0.900   1.0000         dur_3
296.9997    0    2.700   1.0000          NULL 
299.6997   12    0.900   1.0000        dur_11
300.5997    0    3.600   1.0000          NULL 
304.1997    7    0.900   1.0000         dur_6
305.0997    0    2.700   1.0000          NULL 
307.7997    6    0.900   1.0000         dur_5
308.6997    0    4.500   1.0000          NULL 
313.1997    8    0.900   1.0000         dur_7
314.0997    0    2.700   1.0000          NULL 
316.7997    3    0.900   1.0000         dur_2
317.6997    0    2.700   1.0000          NULL 
320.3997    4    0.900   1.0000         dur_3
321.2997    0    2.700   1.0000          NULL 
