  0.0000    9    0.900   1.0000         dur_8
  0.9000    0    2.700   1.0000          NULL 
  3.6000    8    0.900   1.0000         dur_7
  4.5000    0    2.700   1.0000          NULL 
  7.2000    3    0.900   1.0000         dur_2
  8.1000    0    2.700   1.0000          NULL 
 10.8000    3    0.900   1.0000         dur_2
 11.7000    0    3.600   1.0000          NULL 
 15.3000   12    0.900   1.0000        dur_11
 16.2000    0    2.700   1.0000          NULL 
 18.9000    2    0.900   1.0000         dur_1
 19.8000    0    2.700   1.0000          NULL 
 22.5000    4    0.900   1.0000         dur_3
 23.4000    0    2.700   1.0000          NULL 
 26.1000    4    0.900   1.0000         dur_3
 27.0000    0    2.700   1.0000          NULL 
 29.7000   11    0.900   1.0000        dur_10
 30.6000    0    2.700   1.0000          NULL 
 33.3000    8    0.900   1.0000         dur_7
 34.2000    0    2.700   1.0000          NULL 
 36.9000    8    0.900   1.0000         dur_7
 37.8000    0    2.700   1.0000          NULL 
 40.5000   12    0.900   1.0000        dur_11
 41.4000    0    2.700   1.0000          NULL 
 44.1000    8    0.900   1.0000         dur_7
 45.0000    0    2.700   1.0000          NULL 
 47.7000    9    0.900   1.0000         dur_8
 48.6000    0    2.700   1.0000          NULL 
 51.3000    6    0.900   1.0000         dur_5
 52.2000    0    4.500   1.0000          NULL 
 56.7000    4    0.900   1.0000         dur_3
 57.6000    0    2.700   1.0000          NULL 
 60.3000    1    0.900   1.0000         dur_0
 61.2000    0    3.600   1.0000          NULL 
 64.8000    6    0.900   1.0000         dur_5
 65.7000    0    2.700   1.0000          NULL 
 68.4000    2    0.900   1.0000         dur_1
 69.3000    0    2.700   1.0000          NULL 
 72.0000    6    0.900   1.0000         dur_5
 72.9000    0    2.700   1.0000          NULL 
 75.6000    6    0.900   1.0000         dur_5
 76.5000    0    2.700   1.0000          NULL 
 79.2000    7    0.900   1.0000         dur_6
 80.1000    0    2.700   1.0000          NULL 
 82.8000   11    0.900   1.0000        dur_10
 83.7000    0    2.700   1.0000          NULL 
 86.4000    1    0.900   1.0000         dur_0
 87.3000    0    2.700   1.0000          NULL 
 90.0000    4    0.900   1.0000         dur_3
 90.9000    0    5.400   1.0000          NULL 
 96.3000    5    0.900   1.0000         dur_4
 97.2000    0    4.500   1.0000          NULL 
101.7000    2    0.900   1.0000         dur_1
102.6000    0    2.700   1.0000          NULL 
105.3000    8    0.900   1.0000         dur_7
106.2000    0    6.300   1.0000          NULL 
112.5000   10    0.900   1.0000         dur_9
113.4000    0    2.700   1.0000          NULL 
116.1000    4    0.900   1.0000         dur_3
117.0000    0    2.700   1.0000          NULL 
119.7000    9    0.900   1.0000         dur_8
120.6000    0    2.700   1.0000          NULL 
123.3000    9    0.900   1.0000         dur_8
124.2000    0    2.700   1.0000          NULL 
126.9000    6    0.900   1.0000         dur_5
127.8000    0    2.700   1.0000          NULL 
130.5000    1    0.900   1.0000         dur_0
131.4000    0    4.500   1.0000          NULL 
135.9000    1    0.900   1.0000         dur_0
136.8000    0    2.700   1.0000          NULL 
139.5000   11    0.900   1.0000        dur_10
140.4000    0    3.600   1.0000          NULL 
144.0000   10    0.900   1.0000         dur_9
144.9000    0    2.700   1.0000          NULL 
147.6000    6    0.900   1.0000         dur_5
148.5000    0    2.700   1.0000          NULL 
151.2000    3    0.900   1.0000         dur_2
152.0999    0    2.700   1.0000          NULL 
154.7999    5    0.900   1.0000         dur_4
155.6999    0    3.600   1.0000          NULL 
159.2999    6    0.900   1.0000         dur_5
160.1999    0    2.700   1.0000          NULL 
162.8999    7    0.900   1.0000         dur_6
163.7999    0    2.700   1.0000          NULL 
166.4999    1    0.900   1.0000         dur_0
167.3999    0    2.700   1.0000          NULL 
170.0999    8    0.900   1.0000         dur_7
170.9999    0    3.600   1.0000          NULL 
174.5999    3    0.900   1.0000         dur_2
175.4999    0    3.600   1.0000          NULL 
179.0999   10    0.900   1.0000         dur_9
179.9999    0    2.700   1.0000          NULL 
182.6999    3    0.900   1.0000         dur_2
183.5999    0    2.700   1.0000          NULL 
186.2999    5    0.900   1.0000         dur_4
187.1998    0    2.700   1.0000          NULL 
189.8998    2    0.900   1.0000         dur_1
190.7998    0    2.700   1.0000          NULL 
193.4998    9    0.900   1.0000         dur_8
194.3998    0    5.400   1.0000          NULL 
199.7998    2    0.900   1.0000         dur_1
200.6998    0    2.700   1.0000          NULL 
203.3998    7    0.900   1.0000         dur_6
204.2998    0    2.700   1.0000          NULL 
206.9998   10    0.900   1.0000         dur_9
207.8998    0    2.700   1.0000          NULL 
210.5998    5    0.900   1.0000         dur_4
211.4998    0    2.700   1.0000          NULL 
214.1998    3    0.900   1.0000         dur_2
215.0998    0    2.700   1.0000          NULL 
217.7998   10    0.900   1.0000         dur_9
218.6998    0    2.700   1.0000          NULL 
221.3997   11    0.900   1.0000        dur_10
222.2997    0    2.700   1.0000          NULL 
224.9997    5    0.900   1.0000         dur_4
225.8997    0    2.700   1.0000          NULL 
228.5997    5    0.900   1.0000         dur_4
229.4997    0    2.700   1.0000          NULL 
232.1997   12    0.900   1.0000        dur_11
233.0997    0    2.700   1.0000          NULL 
235.7997   10    0.900   1.0000         dur_9
236.6997    0    4.500   1.0000          NULL 
241.1997    8    0.900   1.0000         dur_7
242.0997    0    2.700   1.0000          NULL 
244.7997    2    0.900   1.0000         dur_1
245.6997    0    6.300   1.0000          NULL 
251.9996   12    0.900   1.0000        dur_11
252.8996    0    5.400   1.0000          NULL 
258.2996   11    0.900   1.0000        dur_10
259.1996    0    2.700   1.0000          NULL 
261.8996   12    0.900   1.0000        dur_11
262.7996    0    2.700   1.0000          NULL 
265.4996    4    0.900   1.0000         dur_3
266.3996    0    2.700   1.0000          NULL 
269.0996   10    0.900   1.0000         dur_9
269.9996    0    2.700   1.0000          NULL 
272.6996   12    0.900   1.0000        dur_11
273.5996    0    2.700   1.0000          NULL 
276.2997    3    0.900   1.0000         dur_2
277.1996    0    2.700   1.0000          NULL 
279.8997    7    0.900   1.0000         dur_6
280.7997    0    2.700   1.0000          NULL 
283.4997    7    0.900   1.0000         dur_6
284.3997    0    2.700   1.0000          NULL 
287.0997    7    0.900   1.0000         dur_6
287.9997    0    2.700   1.0000          NULL 
290.6997    4    0.900   1.0000         dur_3
291.5997    0    2.700   1.0000          NULL 
294.2997   12    0.900   1.0000        dur_11
295.1997    0    2.700   1.0000          NULL 
297.8997    1    0.900   1.0000         dur_0
298.7997    0    2.700   1.0000          NULL 
301.4997    5    0.900   1.0000         dur_4
302.3997    0    2.700   1.0000          NULL 
305.0997    9    0.900   1.0000         dur_8
305.9997    0    3.600   1.0000          NULL 
309.5997    7    0.900   1.0000         dur_6
310.4997    0    2.700   1.0000          NULL 
313.1997    9    0.900   1.0000         dur_8
314.0997    0    2.700   1.0000          NULL 
316.7997   11    0.900   1.0000        dur_10
317.6997    0    2.700   1.0000          NULL 
320.3997   11    0.900   1.0000        dur_10
321.2997    0    2.700   1.0000          NULL 
